3.970710e-02,5.400190e-02,6.685364e-02,4.102966e-02,6.819134e-02,1.203236e-01,7.082189e-02,4.147927e-02,2.786240e-02,4.682152e-02,9.752658e-02,1.073343e-01,9.692179e-02,2.580682e-02,2.099347e-02,1.475699e-02,8.982729e-03,1.043334e-02,6.894041e-03,7.220618e-03,6.711173e-03,6.218527e-03,6.121188e-03,6.986174e-03
9.885079e-02,3.949871e-02,3.867758e-02,4.438865e-02,5.591686e-02,1.629767e-01,4.537734e-02,3.808063e-02,2.630012e-02,5.862118e-02,6.331661e-02,1.299851e-01,1.135434e-01,1.397582e-02,1.017967e-02,1.380471e-02,1.206970e-02,6.698159e-03,5.449391e-03,4.919205e-03,4.230359e-03,3.558643e-03,3.558707e-03,6.021881e-03
1.194334e-01,2.287432e-02,2.800378e-02,2.032329e-02,6.037362e-02,1.904253e-01,3.361430e-02,1.445437e-02,3.527670e-02,6.779397e-02,5.003233e-02,1.425851e-01,1.222362e-01,1.483232e-02,8.726807e-03,1.417697e-02,1.177198e-02,6.236932e-03,5.434886e-03,5.198592e-03,5.533523e-03,6.511250e-03,6.952066e-03,7.198014e-03
1.151819e-01,3.508872e-02,3.046200e-02,2.726644e-02,5.957692e-02,1.862872e-01,3.628527e-02,2.559824e-02,3.369438e-02,6.466476e-02,5.609432e-02,1.359310e-01,1.134163e-01,1.291943e-02,6.919857e-03,1.091169e-02,6.920949e-03,5.049475e-03,5.996261e-03,6.516830e-03,6.479519e-03,6.580255e-03,5.264156e-03,6.894053e-03
1.300333e-01,2.066468e-02,2.537797e-02,2.188086e-02,6.423935e-02,2.022978e-01,3.456954e-02,1.436057e-02,3.519577e-02,6.769258e-02,5.144981e-02,1.387491e-01,1.088080e-01,1.332205e-02,5.880480e-03,8.326554e-03,9.773391e-03,6.759705e-03,8.289570e-03,7.414915e-03,5.952913e-03,5.151807e-03,5.867608e-03,7.941720e-03
1.219029e-01,4.007710e-02,3.324751e-02,2.635311e-02,6.842677e-02,1.915542e-01,3.933149e-02,2.302339e-02,3.478981e-02,6.307888e-02,5.776998e-02,1.250137e-01,8.678391e-02,1.086857e-02,8.925022e-03,9.745097e-03,1.280641e-02,8.916460e-03,7.146004e-03,5.977867e-03,4.808849e-03,5.273349e-03,6.700758e-03,7.478984e-03
1.393979e-01,1.988968e-02,2.595240e-02,1.544961e-02,7.050692e-02,2.125106e-01,3.882837e-02,1.589771e-02,3.387593e-02,6.540866e-02,4.853325e-02,1.288147e-01,7.633054e-02,1.375123e-02,9.339087e-03,1.480170e-02,1.658143e-02,9.138129e-03,7.637993e-03,6.189906e-03,6.542807e-03,8.473575e-03,7.522857e-03,8.624931e-03
1.389981e-01,4.541655e-02,3.648239e-02,3.117788e-02,7.187504e-02,2.011153e-01,4.147690e-02,2.410284e-02,2.973139e-02,5.515391e-02,5.472081e-02,9.962950e-02,6.277913e-02,1.523267e-02,1.022229e-02,1.672091e-02,1.611533e-02,7.338297e-03,5.994456e-03,5.693805e-03,7.353873e-03,6.621130e-03,7.687966e-03,8.359625e-03
1.615698e-01,2.147259e-02,2.334194e-02,2.605324e-02,7.037399e-02,2.112051e-01,3.869721e-02,2.255671e-02,2.604125e-02,5.325496e-02,3.899803e-02,8.480501e-02,1.005291e-01,1.763594e-02,1.209780e-02,2.010242e-02,1.632928e-02,7.974190e-03,7.095509e-03,7.680565e-03,7.382739e-03,7.608849e-03,8.159379e-03,9.034305e-03
1.466787e-01,4.859541e-02,3.391486e-02,2.403658e-02,6.558713e-02,2.007389e-01,3.797194e-02,2.712810e-02,2.418924e-02,4.089966e-02,5.933502e-02,5.093499e-02,1.275318e-01,1.819686e-02,1.134931e-02,1.995954e-02,1.255159e-02,6.149106e-03,8.687625e-03,6.998517e-03,5.513981e-03,6.756828e-03,7.462906e-03,8.831390e-03
1.553971e-01,1.217511e-02,2.857429e-02,2.734930e-02,5.990727e-02,2.009192e-01,3.734880e-02,2.343091e-02,1.983727e-02,4.069469e-02,4.379173e-02,8.918941e-02,1.446944e-01,1.897646e-02,1.152881e-02,2.108408e-02,1.001673e-02,8.758808e-03,9.328160e-03,6.677016e-03,7.522144e-03,6.325824e-03,7.057142e-03,9.415298e-03
1.288653e-01,4.517524e-02,3.494267e-02,2.274198e-02,5.671404e-02,1.791394e-01,3.104958e-02,1.845127e-02,2.553870e-02,3.841375e-02,5.524077e-02,1.094172e-01,1.430507e-01,1.865022e-02,1.116151e-02,1.632411e-02,1.120116e-02,1.004341e-02,7.671515e-03,7.015921e-03,6.971291e-03,7.028111e-03,6.790101e-03,8.402091e-03
1.442909e-01,1.353702e-02,2.424548e-02,3.051337e-02,6.000089e-02,1.899629e-01,2.692554e-02,2.616784e-02,1.664431e-02,3.479413e-02,4.581707e-02,1.260858e-01,1.565986e-01,1.609727e-02,9.122819e-03,1.598983e-02,1.452912e-02,7.509234e-03,7.090984e-03,7.295827e-03,5.882919e-03,6.086699e-03,6.607524e-03,8.203936e-03
1.228566e-01,4.134271e-02,2.671564e-02,2.496501e-02,5.539034e-02,1.682731e-01,3.516312e-02,1.585992e-02,2.638581e-02,3.630048e-02,6.892193e-02,1.355485e-01,1.455570e-01,1.410195e-02,9.648175e-03,1.100678e-02,1.459576e-02,7.694123e-03,7.070337e-03,6.461255e-03,6.477157e-03,5.870771e-03,6.156217e-03,7.637252e-03
1.347533e-01,2.003324e-02,2.900799e-02,2.981620e-02,6.553837e-02,1.750866e-01,2.934420e-02,2.494192e-02,1.560961e-02,3.154347e-02,5.396146e-02,1.451856e-01,1.521533e-01,1.375414e-02,7.709712e-03,8.367582e-03,1.557693e-02,6.831892e-03,7.925434e-03,6.458754e-03,6.477096e-03,5.827713e-03,6.313702e-03,7.781766e-03
1.187737e-01,4.092565e-02,2.729021e-02,2.969137e-02,5.487436e-02,1.659197e-01,3.168572e-02,1.751600e-02,2.392809e-02,3.567586e-02,6.454032e-02,1.532880e-01,1.410762e-01,1.472039e-02,7.260016e-03,1.321519e-02,1.341096e-02,6.582106e-03,7.942867e-03,5.746508e-03,5.667890e-03,6.155371e-03,6.339653e-03,7.773922e-03
1.366869e-01,8.516159e-03,1.801254e-02,2.613847e-02,6.384310e-02,1.685820e-01,3.272751e-02,2.317562e-02,2.339459e-02,4.374199e-02,5.366229e-02,1.631493e-01,1.426672e-01,1.069262e-02,8.654452e-03,1.674085e-02,1.176316e-02,8.053778e-03,7.468987e-03,5.880247e-03,6.030494e-03,6.486458e-03,6.214309e-03,7.716850e-03
1.245343e-01,3.797062e-02,2.157856e-02,2.869469e-02,4.911780e-02,1.553854e-01,3.217438e-02,2.010300e-02,2.832059e-02,5.045846e-02,6.295192e-02,1.664120e-01,1.219083e-01,1.387957e-02,9.207548e-03,1.744561e-02,1.074331e-02,8.884717e-03,6.871324e-03,6.231404e-03,6.965192e-03,6.077969e-03,6.460591e-03,7.622777e-03
1.400368e-01,1.270445e-02,1.651608e-02,2.650327e-02,5.321926e-02,1.559796e-01,3.112201e-02,2.325340e-02,3.075389e-02,5.728521e-02,5.961217e-02,1.769292e-01,1.176695e-01,9.269923e-03,9.494146e-03,1.970452e-02,1.173523e-02,6.784942e-03,6.946515e-03,6.590791e-03,7.051989e-03,6.134077e-03,6.718064e-03,7.984831e-03
1.357699e-01,3.734650e-02,3.395907e-02,2.993996e-02,4.082194e-02,1.422679e-01,2.768610e-02,2.463803e-02,3.594041e-02,6.468347e-02,5.356787e-02,1.745560e-01,8.663881e-02,1.356299e-02,1.174111e-02,1.911224e-02,1.458822e-02,9.673789e-03,7.696084e-03,6.778066e-03,6.334027e-03,6.995303e-03,7.069499e-03,8.632716e-03
1.552360e-01,2.377311e-02,1.791735e-02,1.985703e-02,4.136200e-02,1.390347e-01,3.266837e-02,2.066928e-02,3.896390e-02,7.133417e-02,5.939921e-02,1.834902e-01,8.346659e-02,1.061328e-02,1.108233e-02,2.009432e-02,1.708033e-02,8.392760e-03,8.486104e-03,7.048436e-03,7.363170e-03,6.765619e-03,7.290633e-03,8.611148e-03
1.421882e-01,3.529771e-02,2.441079e-02,3.612368e-02,4.220278e-02,1.212655e-01,2.788489e-02,2.894589e-02,3.620052e-02,7.024442e-02,5.611058e-02,1.680401e-01,1.052450e-01,1.295256e-02,9.645884e-03,1.600271e-02,1.493778e-02,6.714509e-03,8.527598e-03,7.577365e-03,6.631473e-03,6.997624e-03,7.343779e-03,8.508547e-03
1.601850e-01,2.507063e-02,2.080920e-02,1.889551e-02,3.883996e-02,1.087837e-01,2.719766e-02,1.637950e-02,4.121739e-02,7.635669e-02,6.128802e-02,1.691972e-01,1.259467e-01,1.464371e-02,9.437232e-03,1.457212e-02,1.487715e-02,8.822965e-03,9.200304e-03,7.658698e-03,6.985078e-03,7.066373e-03,7.688431e-03,8.880784e-03
1.438224e-01,3.358481e-02,3.843729e-02,3.612091e-02,5.143306e-02,1.009074e-01,3.171190e-02,2.627516e-02,3.563379e-02,7.328297e-02,5.406450e-02,1.384458e-01,1.364554e-01,1.632506e-02,8.722175e-03,1.177185e-02,1.105957e-02,8.009350e-03,8.108584e-03,7.271171e-03,6.839271e-03,6.433114e-03,6.891273e-03,8.393241e-03
1.707861e-01,2.881585e-02,2.354398e-02,2.415409e-02,3.405375e-02,8.848518e-02,1.729938e-02,1.817336e-02,4.223821e-02,7.968295e-02,5.908502e-02,1.418703e-01,1.615133e-01,1.744589e-02,8.568898e-03,1.299496e-02,1.169184e-02,8.801570e-03,9.200695e-03,8.283002e-03,7.769589e-03,7.654646e-03,8.052901e-03,9.834442e-03
1.615280e-01,2.954698e-02,2.889428e-02,3.506112e-02,5.225856e-02,7.106212e-02,2.843973e-02,3.402033e-02,4.042259e-02,7.555592e-02,5.427668e-02,1.059821e-01,1.637899e-01,1.931399e-02,1.092949e-02,1.722534e-02,1.428225e-02,1.002928e-02,8.450765e-03,7.939935e-03,7.367078e-03,7.263760e-03,7.236293e-03,9.123525e-03
1.815352e-01,3.131657e-02,2.818403e-02,2.233326e-02,2.952009e-02,8.186937e-02,2.679372e-02,1.897059e-02,4.047372e-02,7.997760e-02,5.475345e-02,9.909790e-02,1.785308e-01,1.762421e-02,9.682207e-03,2.105631e-02,1.759069e-02,8.396866e-03,1.003653e-02,8.764088e-03,8.156339e-03,7.323509e-03,8.253298e-03,9.759712e-03
1.657064e-01,2.825536e-02,3.818417e-02,4.431226e-02,4.391163e-02,9.575172e-02,3.054935e-02,3.409516e-02,4.356696e-02,7.328794e-02,4.806516e-02,6.789792e-02,1.648455e-01,1.801719e-02,1.160260e-02,2.144972e-02,1.611860e-02,7.582582e-03,9.190491e-03,7.677907e-03,6.896405e-03,6.763194e-03,7.402833e-03,8.868962e-03
1.817255e-01,2.941916e-02,3.295498e-02,2.479702e-02,4.154201e-02,1.170831e-01,2.559926e-02,2.027867e-02,3.664650e-02,7.183727e-02,4.156902e-02,8.005992e-02,1.718543e-01,1.479630e-02,1.146633e-02,2.279598e-02,1.745295e-02,8.922823e-03,9.306575e-03,7.553814e-03,7.370828e-03,7.742157e-03,7.827055e-03,9.398391e-03
1.739776e-01,2.675164e-02,3.305340e-02,2.246145e-02,4.633444e-02,1.177101e-01,2.528286e-02,2.456715e-02,3.928531e-02,6.476686e-02,4.610743e-02,1.096019e-01,1.546150e-01,1.509518e-02,1.079824e-02,2.101443e-02,1.406323e-02,8.165175e-03,7.388588e-03,7.758215e-03,7.641800e-03,7.248480e-03,7.511973e-03,8.799574e-03
1.752233e-01,3.035266e-02,2.998493e-02,3.021310e-02,4.930456e-02,1.284401e-01,2.573775e-02,1.855215e-02,3.243443e-02,5.760203e-02,4.782077e-02,1.205140e-01,1.440795e-01,1.310774e-02,1.051755e-02,1.876497e-02,1.115779e-02,1.005594e-02,7.903020e-03,7.995915e-03,7.378580e-03,6.812966e-03,7.357626e-03,8.688549e-03
1.754526e-01,2.333582e-02,3.815083e-02,3.758295e-02,5.172776e-02,1.345363e-01,2.491979e-02,2.077564e-02,2.746605e-02,4.887052e-02,4.712297e-02,1.376767e-01,1.239798e-01,1.615626e-02,9.195234e-03,1.622753e-02,1.209131e-02,9.549499e-03,9.020674e-03,7.505146e-03,6.401852e-03,6.565781e-03,7.209867e-03,8.479101e-03
1.742761e-01,3.402694e-02,3.403488e-02,3.709558e-02,5.566339e-02,1.409587e-01,2.435867e-02,1.419030e-02,2.716611e-02,4.754689e-02,5.826959e-02,1.490011e-01,1.021530e-01,1.394393e-02,8.709302e-03,1.191099e-02,1.482925e-02,6.156357e-03,9.279388e-03,7.021930e-03,6.604134e-03,7.057257e-03,7.258363e-03,8.487801e-03
1.843030e-01,2.275397e-02,3.726718e-02,2.795557e-02,5.441496e-02,1.549256e-01,2.778055e-02,2.061605e-02,2.006020e-02,3.585205e-02,6.022331e-02,1.657455e-01,8.014160e-02,1.768685e-02,7.274944e-03,1.325332e-02,1.720544e-02,6.461207e-03,8.471880e-03,7.127151e-03,7.759501e-03,6.822099e-03,7.086874e-03,8.811225e-03
1.716617e-01,3.541744e-02,3.809109e-02,2.815004e-02,4.804482e-02,1.433836e-01,2.992996e-02,2.581007e-02,2.948691e-02,3.178182e-02,6.959139e-02,1.631558e-01,7.948707e-02,1.525310e-02,9.030525e-03,1.640168e-02,1.690662e-02,7.268593e-03,6.587568e-03,6.938216e-03,6.436824e-03,6.288220e-03,6.712183e-03,8.184764e-03
1.815606e-01,2.219346e-02,3.415640e-02,2.450517e-02,5.527178e-02,1.616092e-01,3.294601e-02,1.051087e-02,1.348734e-02,1.439320e-02,5.719479e-02,1.708151e-01,1.102389e-01,1.702343e-02,8.643141e-03,1.902841e-02,1.533986e-02,7.664299e-03,7.551390e-03,7.481105e-03,6.260286e-03,6.695432e-03,6.987239e-03,8.442565e-03
1.615894e-01,3.074307e-02,3.707630e-02,3.851218e-02,4.497102e-02,1.493646e-01,3.467014e-02,2.727678e-02,1.936525e-02,2.305918e-02,6.233572e-02,1.562493e-01,1.134456e-01,1.469364e-02,9.561125e-03,1.784414e-02,1.090703e-02,9.332896e-03,7.535940e-03,5.967662e-03,6.393764e-03,5.651198e-03,6.070918e-03,7.383264e-03
1.696706e-01,1.599933e-02,3.085511e-02,2.095320e-02,5.373154e-02,1.660385e-01,3.202730e-02,1.477900e-02,1.705219e-02,3.034011e-02,5.266481e-02,1.595805e-01,1.312097e-01,1.560138e-02,9.459380e-03,1.983027e-02,9.398619e-03,8.354569e-03,8.441316e-03,6.421514e-03,6.596585e-03,6.321836e-03,6.710005e-03,7.962618e-03
1.533703e-01,2.674159e-02,3.955891e-02,2.573237e-02,5.231755e-02,1.572992e-01,3.708540e-02,2.692175e-02,2.014542e-02,2.840713e-02,6.090086e-02,1.475602e-01,1.294947e-01,1.399125e-02,8.917303e-03,1.693114e-02,1.111844e-02,5.983204e-03,7.055056e-03,6.498166e-03,4.790522e-03,5.898207e-03,5.886519e-03,7.394849e-03
1.668444e-01,1.712207e-02,2.426263e-02,1.472233e-02,5.873413e-02,1.745502e-01,2.995182e-02,1.342548e-02,2.306726e-02,4.151098e-02,4.808063e-02,1.488491e-01,1.396243e-01,1.337928e-02,9.222691e-03,1.759576e-02,1.406822e-02,4.994549e-03,6.415812e-03,7.321077e-03,6.127145e-03,5.758713e-03,6.480869e-03,7.890499e-03
1.514612e-01,2.510375e-02,4.029324e-02,3.393896e-02,5.933235e-02,1.661223e-01,3.505637e-02,2.200663e-02,1.961057e-02,3.852020e-02,5.548839e-02,1.309021e-01,1.319891e-01,1.197133e-02,8.790199e-03,1.310736e-02,1.404146e-02,6.214921e-03,5.857836e-03,5.346104e-03,6.539180e-03,5.121957e-03,6.141119e-03,7.043371e-03
1.663823e-01,1.279976e-02,2.329757e-02,2.218978e-02,6.199497e-02,1.796457e-01,2.953365e-02,1.715991e-02,2.711785e-02,4.823286e-02,4.309620e-02,1.337822e-01,1.387176e-01,1.223544e-02,7.811588e-03,1.190954e-02,1.488859e-02,8.322130e-03,7.904192e-03,5.464534e-03,6.560585e-03,6.585614e-03,6.504851e-03,7.862586e-03
1.542966e-01,2.550597e-02,4.323567e-02,3.023134e-02,6.014957e-02,1.716496e-01,3.309069e-02,2.264839e-02,2.992271e-02,5.074881e-02,4.669712e-02,1.142078e-01,1.269290e-01,1.359269e-02,7.626117e-03,1.086288e-02,1.179376e-02,8.530015e-03,8.166135e-03,6.482690e-03,4.774812e-03,5.269703e-03,6.383965e-03,7.203904e-03
1.740661e-01,1.455067e-02,2.447376e-02,2.337261e-02,6.056969e-02,1.884958e-01,2.805335e-02,1.905789e-02,2.949835e-02,5.584847e-02,4.617537e-02,1.174859e-01,1.275510e-01,1.218796e-02,6.139884e-03,1.269102e-02,9.965989e-03,6.719433e-03,8.084639e-03,7.486600e-03,7.020858e-03,5.615163e-03,6.779590e-03,8.109798e-03
1.654212e-01,2.656473e-02,4.552251e-02,3.062327e-02,6.284499e-02,1.893932e-01,2.868824e-02,2.342163e-02,3.498986e-02,5.801322e-02,4.486506e-02,8.711824e-02,1.098094e-01,1.436420e-02,8.823254e-03,1.577317e-02,9.011337e-03,5.025844e-03,5.920707e-03,5.901678e-03,6.502755e-03,6.832712e-03,6.687910e-03,7.880890e-03
1.893660e-01,1.520333e-02,1.752410e-02,3.201771e-02,6.092624e-02,2.049147e-01,3.373399e-02,2.758187e-02,3.031469e-02,6.303919e-02,3.433788e-02,8.014483e-02,1.071809e-01,1.477291e-02,9.719092e-03,1.910515e-02,1.331725e-02,6.774348e-03,7.214423e-03,5.157493e-03,5.519015e-03,6.038883e-03,7.534972e-03,8.561102e-03
1.770721e-01,2.722194e-02,4.924954e-02,3.342825e-02,6.604307e-02,1.989076e-01,3.257208e-02,2.404849e-02,3.638127e-02,6.341214e-02,5.102927e-02,5.842543e-02,7.119187e-02,1.616276e-02,1.017230e-02,1.840112e-02,1.529395e-02,7.973396e-03,8.582307e-03,7.218305e-03,6.824123e-03,6.448181e-03,6.480670e-03,7.459848e-03
1.957341e-01,2.100102e-02,2.829159e-02,3.058227e-02,6.494471e-02,2.075994e-01,3.590399e-02,2.593936e-02,3.333479e-02,6.620581e-02,3.360501e-02,7.471455e-02,6.234370e-02,1.474114e-02,9.311230e-03,2.102077e-02,1.729444e-02,8.884178e-03,9.168516e-03,7.836078e-03,7.523658e-03,7.196523e-03,7.729291e-03,9.093793e-03
1.686947e-01,2.569002e-02,4.583835e-02,2.787889e-02,6.145421e-02,1.844409e-01,3.232308e-02,2.293364e-02,3.153201e-02,6.047216e-02,5.275570e-02,1.004258e-01,8.358054e-02,1.508964e-02,9.365058e-03,1.675881e-02,1.420801e-02,8.497660e-03,7.680453e-03,6.317596e-03,5.683774e-03,5.165449e-03,5.433255e-03,7.780316e-03
1.814240e-01,2.095471e-02,2.034099e-02,2.737582e-02,6.597573e-02,1.862580e-01,3.570535e-02,2.411298e-02,3.326247e-02,5.936341e-02,3.739466e-02,1.130875e-01,1.013055e-01,1.346149e-02,8.531356e-03,1.585552e-02,1.293034e-02,6.523821e-03,6.825978e-03,4.536829e-03,4.658726e-03,5.736408e-03,6.687242e-03,7.691125e-03
1.642098e-01,2.502885e-02,4.563066e-02,2.876172e-02,5.846934e-02,1.709407e-01,3.082739e-02,1.991856e-02,2.810619e-02,5.453883e-02,4.997451e-02,1.231083e-01,1.143132e-01,1.470647e-02,8.895974e-03,1.130270e-02,8.596156e-03,5.218820e-03,5.755534e-03,6.025865e-03,6.179986e-03,5.941784e-03,6.097417e-03,7.451247e-03
1.734097e-01,2.031946e-02,2.282116e-02,2.700244e-02,6.228026e-02,1.729485e-01,3.688099e-02,2.267804e-02,2.978736e-02,5.306562e-02,4.263252e-02,1.332963e-01,1.237707e-01,1.052757e-02,7.252676e-03,8.261175e-03,8.689799e-03,5.903433e-03,7.074531e-03,6.885384e-03,6.051396e-03,5.047544e-03,6.010406e-03,7.403063e-03
1.632273e-01,2.512161e-02,4.372283e-02,2.639374e-02,5.468805e-02,1.635306e-01,3.109507e-02,1.565912e-02,2.626206e-02,4.818979e-02,4.733826e-02,1.377051e-01,1.277974e-01,1.333098e-02,7.241316e-03,1.157946e-02,1.200835e-02,7.290776e-03,7.750650e-03,6.353356e-03,4.768314e-03,5.313629e-03,6.188537e-03,7.443650e-03
1.730365e-01,2.275915e-02,2.186687e-02,1.738496e-02,5.698255e-02,1.670266e-01,3.146018e-02,1.964392e-02,2.560171e-02,4.838529e-02,4.778750e-02,1.459212e-01,1.333336e-01,9.514879e-03,6.739727e-03,1.457880e-02,1.433542e-02,7.833743e-03,7.370065e-03,3.838305e-03,5.818731e-03,5.953113e-03,5.694336e-03,7.132790e-03
1.649335e-01,2.772345e-02,4.397496e-02,2.837642e-02,4.877025e-02,1.617384e-01,3.058311e-02,1.657466e-02,2.135912e-02,4.352812e-02,4.505933e-02,1.446044e-01,1.290390e-01,1.193415e-02,8.357166e-03,1.617094e-02,1.379297e-02,6.981406e-03,6.138053e-03,5.534528e-03,6.390655e-03,5.067960e-03,6.110436e-03,7.257047e-03
1.742057e-01,2.486234e-02,2.587950e-02,1.833669e-02,5.380861e-02,1.651683e-01,2.939393e-02,1.478704e-02,2.254222e-02,3.951680e-02,5.424815e-02,1.517619e-01,1.320214e-01,1.048232e-02,8.785803e-03,1.764810e-02,1.417188e-02,5.466014e-03,6.000463e-03,6.873061e-03,5.203901e-03,5.532227e-03,5.866099e-03,7.437483e-03
1.707487e-01,2.851032e-02,4.140626e-02,2.233121e-02,5.048615e-02,1.625652e-01,3.116596e-02,2.257117e-02,1.980549e-02,3.689134e-02,4.906654e-02,1.477754e-01,1.203853e-01,1.428497e-02,8.764267e-03,1.786613e-02,1.125965e-02,6.710243e-03,6.816700e-03,6.486784e-03,4.984784e-03,5.986933e-03,5.886770e-03,7.243786e-03
1.798726e-01,2.635590e-02,2.983571e-02,1.877446e-02,5.537542e-02,1.673557e-01,2.949255e-02,1.577811e-02,2.048194e-02,3.207103e-02,5.751574e-02,1.514280e-01,1.202129e-01,1.313020e-02,9.244476e-03,1.744988e-02,9.000302e-03,7.794631e-03,8.004357e-03,5.108020e-03,6.558315e-03,5.387808e-03,6.313774e-03,7.458113e-03
1.783727e-01,2.630905e-02,4.340037e-02,3.588162e-02,5.829649e-02,1.683443e-01,2.675470e-02,2.595399e-02,1.675705e-02,2.722381e-02,5.201980e-02,1.444345e-01,9.914898e-02,1.511994e-02,8.592126e-03,1.565870e-02,1.088515e-02,7.894768e-03,7.506776e-03,5.563199e-03,6.313212e-03,5.782974e-03,6.036065e-03,7.749806e-03
1.922042e-01,3.043462e-02,3.284738e-02,1.672377e-02,5.780201e-02,1.732162e-01,3.399392e-02,1.797346e-02,1.941651e-02,2.303445e-02,5.883462e-02,1.468308e-01,9.534877e-02,1.444650e-02,8.444689e-03,1.336028e-02,1.421421e-02,8.622223e-03,7.411697e-03,7.230900e-03,5.693253e-03,6.689918e-03,6.842629e-03,8.383030e-03
1.981563e-01,2.760142e-02,4.056803e-02,2.416783e-02,6.733356e-02,1.796341e-01,2.943450e-02,2.449507e-02,1.769391e-02,2.676198e-02,5.322936e-02,1.415890e-01,6.793714e-02,1.694802e-02,9.113251e-03,1.056043e-02,1.571258e-02,7.113411e-03,6.723738e-03,7.313188e-03,6.512145e-03,6.219344e-03,6.839320e-03,8.342397e-03
2.014699e-01,3.419390e-02,3.812496e-02,1.773364e-02,5.672181e-02,1.726996e-01,3.159061e-02,2.003587e-02,2.766362e-02,4.337051e-02,5.715694e-02,1.301078e-01,6.527066e-02,1.545853e-02,6.827413e-03,1.209177e-02,1.687744e-02,7.428127e-03,8.292769e-03,6.813860e-03,7.457494e-03,6.535233e-03,7.048524e-03,9.029024e-03
1.950942e-01,2.820546e-02,3.992656e-02,3.382190e-02,6.006632e-02,1.620747e-01,3.258722e-02,2.668545e-02,2.354531e-02,4.432997e-02,4.531365e-02,1.112600e-01,9.534143e-02,1.461670e-02,7.627144e-03,1.530024e-02,1.451811e-02,7.059486e-03,8.736392e-03,6.211400e-03,6.110693e-03,6.455095e-03,6.836615e-03,8.275931e-03
2.022881e-01,3.591864e-02,3.924713e-02,2.121072e-02,4.853865e-02,1.554317e-01,2.679557e-02,2.232607e-02,3.323734e-02,5.510115e-02,4.817763e-02,9.150221e-02,1.119765e-01,1.278173e-02,9.094546e-03,1.765061e-02,1.310302e-02,8.779008e-03,9.003301e-03,7.718411e-03,6.662554e-03,6.953333e-03,7.272614e-03,9.229423e-03
2.066732e-01,2.939698e-02,3.637448e-02,3.062243e-02,5.093063e-02,1.506263e-01,3.278400e-02,2.718545e-02,3.009538e-02,5.783835e-02,3.535709e-02,7.140718e-02,1.328235e-01,1.379225e-02,8.471979e-03,1.976620e-02,1.117625e-02,8.655072e-03,7.901295e-03,7.715916e-03,7.450885e-03,6.535850e-03,7.291044e-03,9.128217e-03
2.054963e-01,3.660733e-02,4.387296e-02,2.560173e-02,4.353982e-02,1.396445e-01,2.704671e-02,2.586639e-02,3.221870e-02,6.044416e-02,4.975010e-02,6.030305e-02,1.414706e-01,1.107586e-02,1.086602e-02,1.965564e-02,1.314067e-02,8.789691e-03,7.572218e-03,7.109437e-03,7.118904e-03,6.477240e-03,7.308136e-03,9.023888e-03
2.104248e-01,2.579351e-02,3.524665e-02,2.077914e-02,4.242058e-02,1.295481e-01,3.013815e-02,1.771229e-02,3.509912e-02,6.579766e-02,3.360092e-02,8.812486e-02,1.518253e-01,1.541621e-02,9.913038e-03,2.074349e-02,1.580826e-02,6.534944e-03,8.470210e-03,7.007658e-03,6.549854e-03,6.838629e-03,7.142691e-03,9.063943e-03
1.926915e-01,3.349065e-02,3.893364e-02,2.736225e-02,4.899328e-02,1.138105e-01,2.376278e-02,1.731730e-02,3.179919e-02,6.079768e-02,5.508892e-02,1.063595e-01,1.443678e-01,1.307964e-02,9.318862e-03,1.606912e-02,1.617516e-02,7.830316e-03,8.294941e-03,6.785525e-03,6.309972e-03,6.728481e-03,6.502081e-03,8.130956e-03
2.041085e-01,2.320886e-02,3.008669e-02,2.515920e-02,3.994216e-02,1.067455e-01,2.345944e-02,1.408975e-02,3.549551e-02,6.674920e-02,4.609380e-02,1.261742e-01,1.501292e-01,1.544594e-02,9.359881e-03,1.534344e-02,1.622746e-02,7.819250e-03,8.531768e-03,7.173113e-03,6.712255e-03,6.305527e-03,6.888797e-03,8.750572e-03
1.836132e-01,3.605342e-02,4.213567e-02,3.375447e-02,4.889219e-02,9.895785e-02,2.204915e-02,2.298822e-02,3.133327e-02,6.170577e-02,6.088536e-02,1.306064e-01,1.347751e-01,1.429094e-02,8.104328e-03,1.104889e-02,1.293660e-02,7.590425e-03,6.966286e-03,6.274951e-03,5.751647e-03,5.691897e-03,6.038355e-03,7.555678e-03
2.080348e-01,1.953032e-02,2.866709e-02,1.903591e-02,3.899106e-02,1.052603e-01,2.179195e-02,1.343904e-02,3.575253e-02,6.765299e-02,5.113809e-02,1.527023e-01,1.403657e-01,1.626063e-02,7.065491e-03,1.084967e-02,1.196279e-02,7.459203e-03,7.506391e-03,6.961092e-03,6.834318e-03,6.865261e-03,6.794514e-03,9.078566e-03
1.863446e-01,3.932233e-02,4.067033e-02,2.237007e-02,4.144814e-02,9.940798e-02,2.456287e-02,2.940849e-02,3.381894e-02,6.072882e-02,6.406297e-02,1.489299e-01,1.174549e-01,1.384047e-02,9.294661e-03,1.391287e-02,1.013713e-02,6.483337e-03,6.815499e-03,5.807430e-03,5.872954e-03,5.601377e-03,5.973889e-03,7.730067e-03
2.101077e-01,1.781873e-02,2.490399e-02,2.342033e-02,3.777969e-02,1.125517e-01,1.987007e-02,1.308581e-02,3.589680e-02,6.703717e-02,5.252536e-02,1.660979e-01,1.118524e-01,1.569421e-02,7.283940e-03,1.808174e-02,1.412493e-02,7.548634e-03,8.448623e-03,7.009472e-03,6.740236e-03,6.630964e-03,6.890509e-03,8.599087e-03
1.909420e-01,4.075535e-02,4.252395e-02,3.593816e-02,3.438976e-02,1.053370e-01,2.538962e-02,2.869042e-02,3.290550e-02,5.900468e-02,6.260568e-02,1.573705e-01,8.121094e-02,1.402876e-02,8.737596e-03,1.793623e-02,1.512188e-02,7.041392e-03,7.705292e-03,6.544614e-03,6.147299e-03,5.520239e-03,6.237703e-03,7.915370e-03
2.149674e-01,2.049428e-02,2.409682e-02,1.928625e-02,4.519886e-02,1.243258e-01,2.047507e-02,1.468866e-02,3.610496e-02,6.610908e-02,5.617751e-02,1.725617e-01,6.907295e-02,1.399481e-02,9.494466e-03,2.076703e-02,1.725348e-02,8.693460e-03,8.619422e-03,7.429051e-03,7.182399e-03,6.750343e-03,7.317951e-03,8.938252e-03
1.953902e-01,4.221675e-02,4.294388e-02,2.716586e-02,4.185319e-02,1.199118e-01,2.447528e-02,2.083540e-02,3.001489e-02,5.888965e-02,5.673346e-02,1.568207e-01,7.836443e-02,1.399080e-02,9.138643e-03,1.768527e-02,1.485611e-02,8.295451e-03,7.474056e-03,6.329002e-03,5.996614e-03,6.357630e-03,6.506337e-03,7.754583e-03
2.042311e-01,1.900511e-02,2.159064e-02,2.494353e-02,5.220226e-02,1.314478e-01,2.247438e-02,1.798735e-02,3.094676e-02,5.884396e-02,5.256996e-02,1.596455e-01,1.015787e-01,1.102399e-02,9.338399e-03,1.819249e-02,1.366962e-02,7.469213e-03,7.831406e-03,6.448652e-03,6.708386e-03,6.407455e-03,6.948494e-03,8.494904e-03
1.878379e-01,4.039235e-02,3.984294e-02,3.262907e-02,4.632502e-02,1.315607e-01,2.398440e-02,1.697238e-02,2.966615e-02,5.182098e-02,4.868147e-02,1.388995e-01,1.152182e-01,1.365221e-02,9.642171e-03,1.453214e-02,1.001917e-02,7.713130e-03,7.020761e-03,6.709816e-03,6.363973e-03,5.972391e-03,6.454135e-03,8.089046e-03
2.006250e-01,1.599720e-02,2.422113e-02,2.880834e-02,5.367928e-02,1.425484e-01,2.434773e-02,2.177997e-02,2.484926e-02,5.175985e-02,4.843252e-02,1.420826e-01,1.284861e-01,1.112085e-02,8.045118e-03,1.246554e-02,1.113347e-02,7.567504e-03,7.808631e-03,7.030546e-03,6.040307e-03,6.434206e-03,6.537037e-03,8.199428e-03
1.859823e-01,3.950002e-02,3.722469e-02,2.983094e-02,4.821906e-02,1.447985e-01,2.711750e-02,2.112052e-02,2.797765e-02,4.411571e-02,4.996353e-02,1.186125e-01,1.313562e-01,1.400106e-02,8.687388e-03,1.076435e-02,1.344248e-02,6.559648e-03,7.939029e-03,5.818346e-03,6.135617e-03,6.127261e-03,6.466529e-03,8.239122e-03
2.010460e-01,2.010376e-02,2.314656e-02,2.644706e-02,4.932892e-02,1.551632e-01,3.178145e-02,2.501169e-02,2.262858e-02,4.245737e-02,4.364986e-02,1.177182e-01,1.425148e-01,1.315097e-02,7.558375e-03,1.235405e-02,1.570781e-02,7.628247e-03,7.936922e-03,6.311257e-03,6.865907e-03,6.237233e-03,6.419879e-03,8.831900e-03
1.901255e-01,3.946299e-02,3.713757e-02,3.256061e-02,5.299302e-02,1.599984e-01,2.873707e-02,1.912441e-02,2.412411e-02,3.442340e-02,5.142216e-02,9.128138e-02,1.377963e-01,1.581422e-02,6.794441e-03,1.526470e-02,1.488333e-02,7.376055e-03,6.553767e-03,7.076338e-03,5.889012e-03,6.044448e-03,6.684396e-03,8.432422e-03
2.057779e-01,2.582890e-02,2.554994e-02,3.369165e-02,5.197750e-02,1.701176e-01,3.774325e-02,2.746477e-02,2.215170e-02,2.830678e-02,3.934076e-02,8.094308e-02,1.457506e-01,1.392293e-02,8.603044e-03,1.847481e-02,1.511986e-02,7.571629e-03,6.984025e-03,7.268958e-03,5.738972e-03,6.380849e-03,6.649473e-03,8.641059e-03
2.020569e-01,3.982646e-02,3.748561e-02,3.315974e-02,6.004397e-02,1.795703e-01,3.097384e-02,1.971862e-02,2.131518e-02,2.302420e-02,4.718149e-02,6.176965e-02,1.352673e-01,1.683287e-02,8.355071e-03,1.936171e-02,1.165367e-02,8.741945e-03,8.159306e-03,6.562755e-03,6.893780e-03,6.354312e-03,6.802267e-03,8.889105e-03
2.123687e-01,2.819147e-02,2.917247e-02,2.496452e-02,6.254601e-02,1.853191e-01,3.975673e-02,2.556222e-02,1.701385e-02,3.334748e-02,3.284973e-02,6.909716e-02,1.352936e-01,1.439727e-02,9.736928e-03,1.976541e-02,8.799152e-03,7.951341e-03,8.974202e-03,6.147569e-03,7.226227e-03,5.818731e-03,6.986491e-03,8.713715e-03
1.944616e-01,3.663290e-02,3.576524e-02,3.314762e-02,6.064478e-02,1.780850e-01,3.037372e-02,2.260006e-02,2.402631e-02,3.898514e-02,4.129405e-02,9.667659e-02,1.031539e-01,1.497916e-02,9.933428e-03,1.738581e-02,1.220794e-02,7.268875e-03,8.241686e-03,6.744342e-03,5.819605e-03,6.589949e-03,6.587257e-03,8.395018e-03
2.005540e-01,2.793398e-02,2.735195e-02,2.841557e-02,6.291864e-02,1.818346e-01,3.359804e-02,2.373394e-02,2.649838e-02,4.240818e-02,3.822513e-02,1.113377e-01,9.593552e-02,1.164101e-02,9.218658e-03,1.586828e-02,1.471185e-02,7.451983e-03,6.639686e-03,7.198572e-03,6.048395e-03,5.950565e-03,6.429223e-03,8.096184e-03
1.973686e-01,3.618540e-02,3.676787e-02,3.033504e-02,6.204985e-02,1.833116e-01,3.025851e-02,2.303479e-02,2.727525e-02,4.936929e-02,4.140071e-02,1.269745e-01,5.685597e-02,1.388091e-02,8.730647e-03,1.370951e-02,1.542547e-02,6.201648e-03,6.182750e-03,6.523230e-03,7.121537e-03,5.861612e-03,6.680004e-03,8.495204e-03
2.003945e-01,2.992941e-02,3.005795e-02,2.106755e-02,6.157852e-02,1.852801e-01,2.986936e-02,1.868084e-02,3.126413e-02,5.345822e-02,5.135675e-02,1.382699e-01,5.739467e-02,7.591702e-03,8.452212e-03,1.030507e-02,1.598166e-02,8.700614e-03,7.995746e-03,5.529297e-03,5.590484e-03,6.780411e-03,6.101534e-03,8.369453e-03
1.853659e-01,3.366220e-02,3.098790e-02,3.392707e-02,5.403812e-02,1.724943e-01,2.863511e-02,2.203593e-02,2.776818e-02,5.172664e-02,4.611481e-02,1.364691e-01,8.828327e-02,1.190341e-02,6.846733e-03,1.134880e-02,1.255024e-02,7.685443e-03,7.964470e-03,6.227535e-03,4.568752e-03,5.597475e-03,6.094103e-03,7.704541e-03
1.837515e-01,2.972031e-02,2.954280e-02,2.287339e-02,5.536812e-02,1.715598e-01,2.867691e-02,1.592978e-02,2.806383e-02,5.415411e-02,5.709179e-02,1.408377e-01,9.802128e-02,1.008725e-02,5.593888e-03,1.394130e-02,9.692279e-03,6.318706e-03,7.256244e-03,6.724610e-03,6.318917e-03,5.222930e-03,5.369750e-03,7.882765e-03
1.769814e-01,2.978129e-02,3.469912e-02,2.777418e-02,4.972625e-02,1.659431e-01,3.018719e-02,1.913384e-02,2.814676e-02,5.279877e-02,4.923032e-02,1.392359e-01,1.113568e-01,1.303544e-02,7.817745e-03,1.562819e-02,8.579905e-03,4.973052e-03,5.335177e-03,5.530045e-03,5.913883e-03,5.599449e-03,5.129969e-03,7.462336e-03
1.757318e-01,3.129624e-02,2.858020e-02,2.108125e-02,5.442229e-02,1.662887e-01,2.974659e-02,1.803391e-02,2.582158e-02,5.191177e-02,5.760130e-02,1.394164e-01,1.170007e-01,1.242640e-02,7.394111e-03,1.582562e-02,1.091138e-02,5.519972e-03,4.845466e-03,4.320716e-03,4.191162e-03,4.353208e-03,5.809234e-03,7.470065e-03
1.724534e-01,2.409475e-02,2.906427e-02,2.856263e-02,5.414518e-02,1.633061e-01,3.173507e-02,2.220112e-02,2.882313e-02,5.186191e-02,4.797940e-02,1.364855e-01,1.199417e-01,1.391847e-02,8.073764e-03,1.616357e-02,1.237267e-02,5.878478e-03,6.430662e-03,5.594995e-03,4.865729e-03,4.605038e-03,4.449956e-03,6.992552e-03
1.703525e-01,3.148169e-02,2.908223e-02,2.299454e-02,5.410458e-02,1.634280e-01,2.905560e-02,1.781084e-02,2.780556e-02,5.230039e-02,5.502626e-02,1.314896e-01,1.216439e-01,1.219140e-02,8.029970e-03,1.465328e-02,1.375441e-02,7.733820e-03,7.378873e-03,6.202654e-03,5.799638e-03,5.395390e-03,5.574528e-03,6.710308e-03
1.725222e-01,2.385468e-02,3.195140e-02,2.841984e-02,5.834658e-02,1.652891e-01,3.352096e-02,2.282216e-02,3.061740e-02,5.214422e-02,4.312041e-02,1.293835e-01,1.200775e-01,1.290900e-02,8.048266e-03,1.462458e-02,1.303517e-02,6.350828e-03,6.759296e-03,5.653338e-03,4.978590e-03,4.320701e-03,4.664137e-03,6.586121e-03
1.747366e-01,3.366883e-02,3.001210e-02,2.128702e-02,5.610300e-02,1.695986e-01,3.022225e-02,1.734509e-02,3.120925e-02,5.510044e-02,5.202494e-02,1.235135e-01,1.210980e-01,1.316435e-02,8.906670e-03,1.174335e-02,1.201724e-02,5.080084e-03,5.384932e-03,4.435316e-03,4.502865e-03,5.172875e-03,6.053373e-03,7.619341e-03
1.849430e-01,2.524516e-02,3.036827e-02,1.612582e-02,6.233883e-02,1.787430e-01,3.358142e-02,1.884662e-02,3.059914e-02,5.456654e-02,4.189715e-02,1.247881e-01,1.166345e-01,1.336854e-02,7.414916e-03,8.988409e-03,9.283958e-03,5.225552e-03,4.996799e-03,6.039449e-03,6.444301e-03,6.451651e-03,5.377148e-03,7.731636e-03
1.835793e-01,3.747232e-02,3.291667e-02,2.876256e-02,5.638587e-02,1.780442e-01,3.047096e-02,2.009878e-02,3.068334e-02,5.354282e-02,4.692173e-02,1.086211e-01,1.093884e-01,1.108707e-02,7.289868e-03,1.141215e-02,7.928098e-03,5.028283e-03,7.426405e-03,6.954607e-03,6.495496e-03,5.612367e-03,5.687206e-03,8.190381e-03
1.971801e-01,2.351078e-02,3.226163e-02,2.576019e-02,6.261064e-02,1.884596e-01,3.322288e-02,1.825087e-02,2.827151e-02,5.518265e-02,3.667130e-02,1.080815e-01,9.665144e-02,1.320659e-02,6.133795e-03,1.369156e-02,1.234545e-02,7.726389e-03,8.701859e-03,6.486013e-03,4.486011e-03,5.952290e-03,6.573332e-03,8.581669e-03
1.998422e-01,4.161219e-02,3.691645e-02,2.525887e-02,5.671356e-02,1.904133e-01,3.160513e-02,2.457464e-02,2.705167e-02,5.262074e-02,4.841255e-02,8.045237e-02,8.119581e-02,1.300914e-02,8.733730e-03,1.644300e-02,1.537839e-02,9.382532e-03,8.049305e-03,5.128207e-03,6.167588e-03,6.652060e-03,6.131344e-03,8.255205e-03
2.227888e-01,2.339094e-02,3.278895e-02,2.198931e-02,6.746738e-02,2.074074e-01,3.451840e-02,2.070853e-02,2.820326e-02,5.496551e-02,3.220915e-02,7.514644e-02,6.701588e-02,1.307473e-02,7.823844e-03,2.052432e-02,1.753711e-02,7.924638e-03,6.500010e-03,7.143531e-03,7.679683e-03,6.184180e-03,7.356691e-03,9.651305e-03
2.058739e-01,4.077771e-02,4.029157e-02,3.222945e-02,6.001054e-02,1.907451e-01,2.941444e-02,2.611379e-02,2.819369e-02,4.993155e-02,5.591744e-02,6.121230e-02,7.499989e-02,1.393322e-02,9.522412e-03,1.843938e-02,1.517805e-02,6.052976e-03,6.391525e-03,7.352359e-03,6.228699e-03,6.136319e-03,6.449550e-03,8.604133e-03
2.185494e-01,2.112176e-02,2.891009e-02,2.084082e-02,6.449759e-02,1.954813e-01,3.392972e-02,1.709566e-02,2.102302e-02,4.249945e-02,3.531786e-02,8.344321e-02,1.063174e-01,1.602118e-02,1.041181e-02,1.980313e-02,1.389849e-02,5.782125e-03,8.845753e-03,7.338500e-03,6.086038e-03,6.536588e-03,6.954478e-03,9.294650e-03
1.928759e-01,3.751922e-02,3.480823e-02,3.218957e-02,6.140569e-02,1.719543e-01,2.933519e-02,2.015354e-02,2.309186e-02,3.502916e-02,5.531360e-02,1.021736e-01,1.115117e-01,1.345260e-02,9.342168e-03,1.562124e-02,9.190201e-03,5.647096e-03,7.959749e-03,5.194476e-03,6.349897e-03,5.454926e-03,6.209666e-03,8.216270e-03
2.114866e-01,2.001261e-02,2.743711e-02,2.033188e-02,5.930617e-02,1.788056e-01,3.137294e-02,1.420797e-02,1.191269e-02,2.752143e-02,3.884457e-02,1.204458e-01,1.332976e-01,1.573371e-02,9.440734e-03,1.567161e-02,1.070023e-02,9.677626e-03,8.132039e-03,6.490959e-03,6.868165e-03,6.548827e-03,6.693861e-03,9.059274e-03
1.880449e-01,3.833435e-02,3.811314e-02,2.626540e-02,5.881849e-02,1.576175e-01,3.123264e-02,2.579447e-02,1.976128e-02,1.771549e-02,5.202423e-02,1.251777e-01,1.290092e-01,1.414319e-02,8.427017e-03,1.159547e-02,1.277547e-02,8.395176e-03,5.950863e-03,6.501037e-03,4.937445e-03,5.812288e-03,5.960243e-03,7.592930e-03
2.059662e-01,2.056646e-02,2.347695e-02,1.552459e-02,5.315132e-02,1.628074e-01,2.935608e-02,1.371349e-02,1.876994e-02,3.165543e-02,4.443709e-02,1.414231e-01,1.432597e-01,1.496258e-02,7.511912e-03,9.394284e-03,1.565987e-02,6.181667e-03,7.129673e-03,7.275296e-03,6.435272e-03,6.187337e-03,6.729415e-03,8.425034e-03
1.846869e-01,3.817301e-02,3.635256e-02,2.753468e-02,5.039954e-02,1.447923e-01,3.079289e-02,2.520307e-02,2.159512e-02,3.314051e-02,4.816108e-02,1.376200e-01,1.314419e-01,1.425411e-02,6.312792e-03,1.301838e-02,1.423853e-02,5.142602e-03,7.084137e-03,5.236049e-03,6.284386e-03,5.320248e-03,5.820028e-03,7.395198e-03
2.000019e-01,2.336079e-02,2.304551e-02,2.091628e-02,4.433092e-02,1.476798e-01,2.715355e-02,1.846454e-02,2.103648e-02,4.191060e-02,4.903035e-02,1.501795e-01,1.379513e-01,1.372338e-02,6.055104e-03,1.546517e-02,1.460332e-02,4.352925e-03,8.135447e-03,5.825150e-03,5.811896e-03,6.166219e-03,6.558082e-03,8.241774e-03
1.876598e-01,3.758593e-02,3.904153e-02,2.484654e-02,4.281913e-02,1.359655e-01,2.939950e-02,2.168885e-02,2.853213e-02,4.545207e-02,4.566436e-02,1.450495e-01,1.236300e-01,1.417236e-02,7.060622e-03,1.617938e-02,1.094629e-02,6.071273e-03,7.028996e-03,6.315683e-03,5.369284e-03,5.597011e-03,5.950712e-03,7.973587e-03
1.987785e-01,2.527050e-02,2.508354e-02,2.284607e-02,4.509525e-02,1.374301e-01,2.740088e-02,1.814114e-02,2.580579e-02,4.886389e-02,5.346770e-02,1.538843e-01,1.218050e-01,1.120221e-02,8.098913e-03,1.819266e-02,9.217459e-03,9.129482e-03,7.077004e-03,6.865049e-03,6.395006e-03,5.703248e-03,6.270411e-03,7.975874e-03
1.945933e-01,3.805568e-02,4.085762e-02,2.601329e-02,4.229796e-02,1.291220e-01,2.781253e-02,1.731406e-02,3.083258e-02,5.466233e-02,4.982484e-02,1.486003e-01,1.017301e-01,1.289070e-02,9.706544e-03,1.792665e-02,1.167719e-02,7.172170e-03,6.805900e-03,5.969304e-03,6.048627e-03,5.943726e-03,6.170464e-03,7.972229e-03
2.036502e-01,2.527227e-02,2.787908e-02,2.661017e-02,5.271417e-02,1.318230e-01,2.460779e-02,2.159215e-02,2.979478e-02,5.536506e-02,5.703425e-02,1.532165e-01,9.242411e-02,1.040780e-02,9.151550e-03,1.730009e-02,1.420672e-02,7.016084e-03,7.490762e-03,6.126665e-03,5.683283e-03,6.092691e-03,6.262554e-03,8.278270e-03
2.083621e-01,3.926047e-02,4.408296e-02,2.911036e-02,4.294732e-02,1.252515e-01,2.608248e-02,1.705729e-02,3.233854e-02,6.227801e-02,5.782961e-02,1.502385e-01,6.034712e-02,1.514221e-02,9.996178e-03,1.512972e-02,1.555953e-02,5.834021e-03,7.993949e-03,6.837298e-03,6.617715e-03,6.164168e-03,6.654785e-03,8.884138e-03
2.125595e-01,3.014283e-02,3.037035e-02,3.109325e-02,5.343059e-02,1.255837e-01,2.096904e-02,2.628692e-02,3.409330e-02,6.337395e-02,5.879115e-02,1.457156e-01,6.794096e-02,1.314632e-02,8.933199e-03,1.208284e-02,1.614360e-02,6.265518e-03,7.825458e-03,6.926276e-03,6.547081e-03,6.296450e-03,6.523069e-03,8.958996e-03
2.100309e-01,3.861849e-02,4.446661e-02,2.704401e-02,3.795387e-02,1.119148e-01,2.280549e-02,2.152928e-02,3.362481e-02,6.439205e-02,5.513861e-02,1.330738e-01,9.911552e-02,1.634370e-02,8.304151e-03,9.796013e-03,1.370978e-02,8.246681e-03,8.003842e-03,6.942452e-03,6.579240e-03,6.627165e-03,6.916186e-03,8.822527e-03
2.135057e-01,3.444776e-02,3.284407e-02,2.795635e-02,4.498298e-02,1.126892e-01,1.818604e-02,2.709694e-02,3.422039e-02,6.533898e-02,5.487871e-02,1.212851e-01,1.119181e-01,1.326193e-02,9.195964e-03,1.335265e-02,1.184189e-02,9.691099e-03,7.854317e-03,6.586311e-03,6.461615e-03,6.515678e-03,6.692448e-03,9.195860e-03
2.147747e-01,3.728881e-02,4.449922e-02,3.021535e-02,3.756151e-02,1.057762e-01,1.962147e-02,2.093664e-02,3.477234e-02,6.624210e-02,4.684081e-02,1.050697e-01,1.326482e-01,1.684496e-02,6.921022e-03,1.700203e-02,1.195016e-02,6.986937e-03,7.813687e-03,6.862579e-03,6.893792e-03,6.282891e-03,7.175082e-03,9.019679e-03
2.203725e-01,3.702560e-02,3.471439e-02,3.051195e-02,3.746081e-02,1.081037e-01,2.038173e-02,2.633707e-02,3.649088e-02,6.542266e-02,4.859678e-02,8.255898e-02,1.422269e-01,1.556063e-02,8.367978e-03,1.885344e-02,1.375320e-02,8.212160e-03,7.939565e-03,7.263077e-03,6.732658e-03,6.632021e-03,7.085743e-03,9.395575e-03
2.206971e-01,3.645061e-02,4.394178e-02,3.122241e-02,4.644411e-02,1.123487e-01,2.079742e-02,1.978369e-02,3.423480e-02,6.643461e-02,3.621841e-02,6.292580e-02,1.500677e-01,1.723130e-02,9.816072e-03,2.051103e-02,1.572639e-02,7.071851e-03,8.777498e-03,7.746754e-03,7.207244e-03,7.148461e-03,7.187668e-03,1.000864e-02
2.185416e-01,3.807680e-02,3.686850e-02,2.380538e-02,4.266754e-02,1.166481e-01,2.086597e-02,2.351185e-02,3.690796e-02,6.467286e-02,4.758695e-02,6.934247e-02,1.513292e-01,1.253787e-02,9.558247e-03,1.929234e-02,1.687762e-02,5.940434e-03,8.707159e-03,7.236665e-03,6.782927e-03,5.950066e-03,7.028569e-03,9.262888e-03
2.096723e-01,3.411207e-02,4.107741e-02,3.337596e-02,5.097572e-02,1.200983e-01,2.422463e-02,2.257597e-02,2.813370e-02,5.981094e-02,3.390169e-02,9.092427e-02,1.413497e-01,1.452418e-02,1.028641e-02,1.864443e-02,1.467255e-02,8.821932e-03,7.903798e-03,6.553017e-03,6.274651e-03,6.451949e-03,6.768482e-03,8.865926e-03
2.052923e-01,3.669095e-02,3.547289e-02,2.243122e-02,4.397798e-02,1.264157e-01,2.164702e-02,1.916573e-02,3.226566e-02,5.675073e-02,5.409963e-02,1.111833e-01,1.375364e-01,9.098230e-03,9.736078e-03,1.544714e-02,1.330715e-02,8.020711e-03,6.701135e-03,6.485645e-03,6.543838e-03,6.375065e-03,6.590384e-03,8.765136e-03
2.051174e-01,3.255979e-02,3.691298e-02,2.542980e-02,4.937686e-02,1.309053e-01,2.937007e-02,2.573909e-02,2.686632e-02,5.334212e-02,4.301773e-02,1.224541e-01,1.241090e-01,1.414188e-02,8.358679e-03,1.328280e-02,1.062671e-02,7.031784e-03,6.828529e-03,6.694514e-03,6.539237e-03,6.181959e-03,6.449732e-03,8.663621e-03
2.028831e-01,3.684132e-02,3.641612e-02,2.148539e-02,4.526890e-02,1.398732e-01,2.539101e-02,1.574696e-02,2.525642e-02,4.524487e-02,6.154747e-02,1.353599e-01,1.172156e-01,1.134320e-02,7.933855e-03,1.156112e-02,1.080528e-02,7.958071e-03,8.062138e-03,6.762661e-03,5.554355e-03,6.104490e-03,6.328888e-03,9.055752e-03
2.030576e-01,2.770341e-02,3.844937e-02,3.751848e-02,4.326399e-02,1.419268e-01,3.282904e-02,2.709118e-02,2.516813e-02,4.438376e-02,5.015241e-02,1.428194e-01,9.261535e-02,1.414683e-02,8.283499e-03,1.098021e-02,1.301224e-02,5.591172e-03,7.978091e-03,6.207628e-03,5.796688e-03,5.842635e-03,6.332502e-03,8.849625e-03
2.044006e-01,3.797010e-02,3.811453e-02,2.424239e-02,4.976856e-02,1.531289e-01,2.809758e-02,1.941583e-02,1.832801e-02,3.601557e-02,6.442839e-02,1.510276e-01,7.776312e-02,1.294760e-02,6.777269e-03,1.471786e-02,1.556088e-02,6.089240e-03,7.765657e-03,5.804851e-03,6.662962e-03,6.151473e-03,6.263246e-03,8.557766e-03
