6.331083e-01,-2.060499e+00,-6.164641e-01,-2.386974e-02,7.090132e-01,-3.184456e-01,-4.627342e-01,1.332483e-01,5.663076e-01,-6.062517e-01,3.061958e-01
1.189460e+00,-2.521019e+00,-1.693458e+00,-3.038128e-01,8.847544e-01,4.760882e-01,-1.192054e-01,-2.073512e-01,6.963668e-01,-6.956243e-01,1.965847e-02
1.467752e+00,-2.304657e+00,-1.390046e+00,-1.193117e-01,1.246904e+00,4.543186e-01,-4.867119e-01,-4.368021e-01,8.903421e-01,-5.789541e-01,-1.997789e-01
2.568305e+00,-2.214579e+00,-1.886877e+00,-9.001349e-02,1.051674e+00,4.935791e-01,7.555526e-02,-4.585978e-01,1.169664e+00,-3.549042e-01,-2.335198e-01
2.074062e+00,-3.025966e+00,-2.060552e+00,-5.484975e-01,1.157016e+00,3.295754e-01,-5.195647e-01,-4.673381e-01,9.953610e-01,-1.192015e+00,-1.877938e-01
2.236595e+00,-2.448367e+00,-1.383033e+00,-3.213202e-01,2.010785e+00,8.638776e-01,-4.078505e-01,-3.597253e-01,8.791901e-01,-1.110017e+00,-4.037191e-01
2.196667e+00,-2.149768e+00,-1.506758e+00,-1.862883e-01,2.027270e+00,9.706974e-01,-6.712085e-01,-3.000256e-01,9.917513e-01,-1.150101e+00,-4.922959e-01
2.034689e+00,-2.283048e+00,-1.875518e+00,-2.775540e-01,1.754486e+00,8.483312e-01,-4.803142e-01,-1.355198e-02,1.338412e+00,-7.868122e-01,-1.015309e-01
1.924969e+00,-2.183716e+00,-1.748554e+00,5.514282e-02,1.811546e+00,7.782305e-01,-3.913283e-01,-6.268766e-01,7.319025e-01,-1.071585e+00,-4.908501e-01
2.032613e+00,-2.299364e+00,-2.091633e+00,-2.523683e-01,1.525914e+00,5.903313e-01,-4.689425e-01,-4.837246e-01,7.648005e-01,-5.813505e-01,-5.909338e-01
2.481570e+00,-1.896203e+00,-1.819916e+00,2.179591e-01,1.930082e+00,5.310712e-01,-4.542312e-01,-5.424832e-01,4.614947e-01,-7.281134e-01,-7.128932e-01
2.429294e+00,-2.087181e+00,-1.888841e+00,3.111097e-01,1.875408e+00,5.061008e-01,-1.171167e-01,-4.117991e-01,4.938025e-01,-6.319063e-01,-5.820990e-01
1.856905e+00,-2.578608e+00,-2.281540e+00,2.860318e-01,2.029995e+00,7.833161e-01,2.200394e-02,-4.433312e-01,4.959291e-01,-9.117328e-01,-6.615541e-01
2.157087e+00,-2.185797e+00,-2.006716e+00,3.939446e-01,2.001942e+00,7.799883e-01,-2.484251e-02,-6.408147e-01,4.145890e-01,-1.114727e+00,-8.712833e-01
2.346104e+00,-1.980822e+00,-2.032612e+00,1.310881e-01,1.895918e+00,6.479159e-01,-3.504395e-02,-4.563198e-01,7.918108e-01,-7.221389e-01,-4.770963e-01
1.570158e+00,-2.504444e+00,-1.916919e+00,3.704572e-01,2.344177e+00,1.301044e+00,2.410507e-01,-3.177439e-01,5.583311e-01,-9.535497e-01,-5.290292e-01
2.314481e+00,-2.252840e+00,-1.805500e+00,2.256851e-01,1.706982e+00,1.155088e+00,1.196761e-01,-3.376227e-01,9.173354e-01,-6.741640e-01,-4.524461e-01
2.329893e+00,-2.341991e+00,-1.893598e+00,2.180085e-01,1.782675e+00,9.446436e-01,3.600370e-02,-4.481631e-01,4.758089e-01,-7.720673e-01,-5.900141e-01
2.225372e+00,-2.428331e+00,-1.606778e+00,1.863552e-03,1.829264e+00,1.143425e+00,1.485389e-01,-3.279885e-01,5.715582e-01,-6.446459e-01,-4.003910e-01
1.950571e+00,-2.454247e+00,-1.499575e+00,-4.788555e-01,1.945552e+00,1.339975e+00,2.381573e-01,-7.829767e-02,8.438265e-01,-4.628030e-01,-8.714540e-03
1.723537e+00,-2.874012e+00,-1.714071e+00,-7.839756e-01,1.407118e+00,1.125155e+00,1.042953e-02,-8.081559e-01,2.374837e-01,-1.098182e+00,-4.502728e-01
1.935439e+00,-2.792103e+00,-1.440371e+00,-3.519853e-01,1.871816e+00,1.389111e+00,4.883439e-01,-6.226455e-01,3.846501e-01,-9.305655e-01,-3.025612e-01
2.223857e+00,-2.934161e+00,-1.224362e+00,-5.408080e-01,1.519624e+00,1.465641e+00,4.571168e-01,-6.407669e-01,4.333699e-01,-7.525152e-01,2.533857e-01
1.986767e+00,-3.129654e+00,-1.488271e+00,-7.585759e-01,1.543017e+00,1.381366e+00,-1.669815e-02,-4.749836e-01,4.788890e-01,-8.682447e-01,-8.344097e-03
1.887136e+00,-3.190176e+00,-1.367177e+00,-6.796039e-01,1.839627e+00,1.403516e+00,2.191420e-01,-3.964064e-01,6.921414e-01,-8.278938e-01,-1.252907e-01
1.579080e+00,-3.361104e+00,-1.497145e+00,-5.039450e-01,1.958080e+00,1.288234e+00,6.382018e-02,-3.779937e-01,4.730773e-01,-1.047515e+00,-2.493500e-01
2.411383e+00,-2.934376e+00,-1.219007e+00,-1.091514e-01,1.987644e+00,9.939086e-01,9.506038e-02,-5.265579e-01,5.514710e-01,-1.083506e+00,-2.742798e-01
1.984159e+00,-3.530997e+00,-1.858758e+00,-3.179365e-01,1.550622e+00,7.641967e-01,1.792196e-02,-7.035314e-01,5.949069e-01,-1.150241e+00,-4.173368e-01
2.289167e+00,-3.275621e+00,-1.358215e+00,7.250652e-02,2.268447e+00,1.187332e+00,8.204616e-02,-5.361249e-01,7.587262e-01,-1.487629e+00,-4.499323e-01
2.220577e+00,-3.193516e+00,-1.581443e+00,-2.874348e-01,1.956763e+00,9.130802e-01,-3.457921e-02,-2.639951e-01,9.811243e-01,-1.026546e+00,-1.906923e-01
1.486327e+00,-4.026321e+00,-1.689307e+00,-5.377241e-01,2.331065e+00,1.162907e+00,4.742201e-01,1.491687e-01,1.296421e+00,-8.590103e-01,-1.160554e-01
2.338885e+00,-3.340453e+00,-1.220296e+00,-2.120456e-01,2.191621e+00,1.048539e+00,1.702266e-02,-3.880073e-01,7.592135e-01,-1.273597e+00,-4.775647e-01
1.960279e+00,-4.084261e+00,-1.699383e+00,-4.423728e-01,1.760095e+00,7.255391e-01,-5.235382e-05,-3.840890e-01,9.184040e-01,-9.468152e-01,-2.407376e-01
2.526117e+00,-3.576138e+00,-1.460213e+00,3.812056e-01,2.087051e+00,1.333993e+00,1.279703e-01,-2.862904e-01,6.727467e-01,-1.175734e+00,-6.676683e-01
2.235314e+00,-4.022758e+00,-1.783450e+00,2.713272e-01,1.973390e+00,1.418053e+00,2.343602e-01,-1.473177e-01,9.336128e-01,-1.037012e+00,-5.957878e-01
2.579886e+00,-3.605546e+00,-1.552176e+00,1.635350e-01,1.949884e+00,1.116666e+00,-3.143233e-02,-3.229481e-01,7.719067e-01,-9.027367e-01,-5.892369e-01
1.961949e+00,-4.312493e+00,-1.949435e+00,-1.150061e-01,2.232237e+00,1.287552e+00,3.818636e-01,-8.918809e-02,1.074135e+00,-7.885185e-01,-6.487527e-01
2.371467e+00,-3.805955e+00,-1.634207e+00,2.007674e-01,2.278682e+00,1.222832e+00,1.731099e-01,-1.794894e-01,7.364421e-01,-8.754137e-01,-7.175865e-01
2.167311e+00,-4.177707e+00,-1.923548e+00,7.574111e-02,2.287409e+00,1.170039e+00,2.296280e-01,-5.083387e-02,8.559855e-01,-8.660903e-01,-5.493043e-01
2.242454e+00,-4.187591e+00,-2.244190e+00,7.930737e-02,2.293361e+00,1.185428e+00,1.603264e-01,-1.528980e-01,1.233833e+00,-1.073200e+00,-5.593970e-01
2.465461e+00,-4.092611e+00,-2.176455e+00,2.100830e-01,2.046912e+00,1.191262e+00,6.425045e-02,-2.155459e-01,1.190873e+00,-1.112060e+00,-5.450530e-01
2.279186e+00,-4.301618e+00,-2.131909e+00,2.915929e-02,2.162716e+00,1.199095e+00,7.050308e-02,5.026522e-02,1.171590e+00,-8.439817e-01,-3.627591e-01
2.146610e+00,-4.344811e+00,-2.159781e+00,-1.022796e-02,2.103309e+00,1.099417e+00,9.900685e-02,1.494261e-01,1.055439e+00,-7.582430e-01,-3.524060e-01
2.158301e+00,-4.546621e+00,-2.206184e+00,-1.984431e-01,2.139799e+00,9.648437e-01,-2.131018e-02,3.210463e-02,1.112676e+00,-8.908674e-01,-4.081765e-01
2.192643e+00,-4.529538e+00,-2.278571e+00,-3.641469e-02,2.164884e+00,1.029834e+00,3.169558e-01,2.045600e-01,1.454831e+00,-5.714939e-01,-1.099598e-01
2.306659e+00,-4.697501e+00,-2.468867e+00,-4.216354e-02,1.923663e+00,9.170199e-01,1.061100e-01,-1.013647e-01,1.205838e+00,-9.457680e-01,-2.636482e-01
2.246661e+00,-4.737899e+00,-2.783542e+00,1.191622e-01,1.755655e+00,1.017660e+00,1.015211e-01,-1.777781e-01,1.207109e+00,-9.548626e-01,-4.602495e-01
1.912793e+00,-4.924347e+00,-2.853809e+00,-2.813028e-01,1.861158e+00,8.227583e-01,4.009304e-02,-4.577425e-02,1.185169e+00,-8.691247e-01,-4.131211e-01
1.740224e+00,-5.146101e+00,-3.023376e+00,-4.950746e-01,1.893473e+00,7.335616e-01,7.338090e-02,-1.621418e-01,1.207189e+00,-8.851855e-01,-4.925092e-01
1.642595e+00,-5.239815e+00,-3.077731e+00,-5.106832e-01,1.835921e+00,5.878310e-01,9.213222e-02,-2.739250e-01,1.004467e+00,-9.044620e-01,-5.684102e-01
1.780229e+00,-5.309352e+00,-3.000211e+00,-6.132290e-01,1.746906e+00,5.333312e-01,1.156599e-01,-5.602051e-01,9.939864e-01,-9.275821e-01,-6.791790e-01
1.430541e+00,-5.472413e+00,-3.454770e+00,-6.986438e-01,1.452694e+00,7.175631e-01,-2.658644e-01,-4.555032e-01,1.127990e+00,-1.160722e+00,-6.055501e-01
1.809812e+00,-5.382273e+00,-3.333039e+00,-5.127707e-01,1.410146e+00,8.996373e-01,-2.941651e-01,-4.491374e-01,1.339580e+00,-1.285132e+00,-4.276616e-01
1.613197e+00,-5.187387e+00,-3.337125e+00,-5.784871e-01,1.489733e+00,6.553421e-01,-1.905223e-01,-4.488595e-01,1.040865e+00,-9.815636e-01,-6.642799e-01
1.610432e+00,-5.151864e+00,-3.293335e+00,-6.971380e-01,1.700886e+00,5.764515e-01,-2.060958e-01,-3.340127e-01,1.048563e+00,-9.450751e-01,-6.748016e-01
1.563162e+00,-5.174941e+00,-3.198471e+00,-7.650896e-01,1.584504e+00,5.513870e-01,-1.925906e-01,-4.341491e-01,1.011080e+00,-9.100414e-01,-7.361441e-01
1.847614e+00,-4.995212e+00,-2.998531e+00,-6.600554e-01,1.776462e+00,5.912077e-01,-1.531687e-01,-3.341658e-01,1.083602e+00,-9.560077e-01,-6.801206e-01
1.706571e+00,-5.118711e+00,-3.316240e+00,-6.871696e-01,1.645224e+00,5.844930e-01,-2.199635e-01,-3.929580e-01,1.124326e+00,-1.017009e+00,-6.672866e-01
1.981798e+00,-5.081309e+00,-3.144733e+00,-4.210255e-01,1.484754e+00,7.389955e-01,-1.535385e-01,-4.199102e-01,1.202096e+00,-1.067112e+00,-5.106131e-01
1.719500e+00,-5.303643e+00,-3.353200e+00,-6.333036e-01,1.429163e+00,7.528859e-01,-3.415735e-01,-4.888800e-01,1.231101e+00,-1.261201e+00,-5.599445e-01
1.467340e+00,-5.275132e+00,-3.389393e+00,-7.375262e-01,1.525063e+00,5.990269e-01,-3.099214e-01,-4.384141e-01,1.017137e+00,-1.121176e+00,-7.072859e-01
1.554079e+00,-5.306203e+00,-3.217054e+00,-7.898265e-01,1.759064e+00,5.351739e-01,-1.024587e-01,-3.900150e-01,1.003477e+00,-9.126679e-01,-6.413893e-01
1.270827e+00,-5.433293e+00,-3.409966e+00,-8.271074e-01,1.684488e+00,5.142176e-01,-4.280761e-02,-4.506716e-01,1.047823e+00,-9.092803e-01,-7.263188e-01
1.469537e+00,-5.253204e+00,-3.364639e+00,-7.894573e-01,1.718346e+00,6.879084e-01,-3.364154e-01,-2.728066e-01,1.094681e+00,-1.061312e+00,-6.510364e-01
1.581491e+00,-5.198389e+00,-3.322058e+00,-5.357516e-01,1.535544e+00,7.801550e-01,-1.662566e-01,-3.962091e-01,1.125688e+00,-9.632076e-01,-6.254991e-01
1.729303e+00,-5.446765e+00,-3.546346e+00,-4.528084e-01,1.312355e+00,8.066630e-01,-2.227751e-01,-4.807165e-01,1.269180e+00,-1.189567e+00,-5.045970e-01
1.790370e+00,-5.125397e+00,-3.271714e+00,-5.742292e-01,1.555027e+00,7.186203e-01,-1.976436e-01,-4.270521e-01,1.238900e+00,-1.035293e+00,-5.486660e-01
1.660190e+00,-5.119991e+00,-3.152408e+00,-6.189309e-01,1.600842e+00,6.768497e-01,-1.982534e-01,-3.389475e-01,1.068044e+00,-9.645699e-01,-6.337839e-01
1.578794e+00,-5.175688e+00,-3.248346e+00,-7.893997e-01,1.661722e+00,4.986565e-01,-1.715115e-01,-4.536966e-01,1.044409e+00,-9.593545e-01,-7.713101e-01
1.909092e+00,-4.918439e+00,-3.066643e+00,-6.281691e-01,1.785260e+00,5.016735e-01,-1.332184e-01,-3.527289e-01,1.047123e+00,-9.618067e-01,-6.486579e-01
1.669610e+00,-5.342899e+00,-3.204284e+00,-8.692864e-01,1.676213e+00,4.907738e-01,-1.677386e-01,-4.882004e-01,1.163126e+00,-1.091667e+00,-6.194959e-01
1.898300e+00,-5.112212e+00,-3.114294e+00,-4.514237e-01,1.500475e+00,7.937160e-01,-1.591577e-01,-4.129247e-01,1.198702e+00,-1.060419e+00,-5.488540e-01
1.805854e+00,-5.317162e+00,-3.470136e+00,-4.598261e-01,1.287903e+00,8.496003e-01,-3.291091e-01,-4.565728e-01,1.315932e+00,-1.229390e+00,-4.351635e-01
1.489903e+00,-5.302544e+00,-3.463403e+00,-6.568371e-01,1.513913e+00,6.548105e-01,-2.400254e-01,-4.103538e-01,1.045671e+00,-1.049285e+00,-6.532626e-01
1.390287e+00,-5.219752e+00,-3.357224e+00,-6.777344e-01,1.578545e+00,6.741827e-01,-2.420432e-01,-3.370999e-01,9.557868e-01,-8.961094e-01,-7.587255e-01
1.408114e+00,-5.347380e+00,-3.275508e+00,-8.523056e-01,1.786555e+00,5.730325e-01,-7.404910e-02,-4.349125e-01,1.104779e+00,-9.705615e-01,-7.347307e-01
1.316213e+00,-5.526973e+00,-3.467028e+00,-9.048243e-01,1.657183e+00,4.622427e-01,-1.192798e-01,-4.556754e-01,1.062993e+00,-9.575334e-01,-6.950847e-01
1.697904e+00,-5.116099e+00,-3.286620e+00,-5.275603e-01,1.600892e+00,7.185668e-01,-1.314774e-01,-3.988369e-01,1.039608e+00,-9.022980e-01,-7.085824e-01
1.636515e+00,-5.282861e+00,-3.437086e+00,-5.328336e-01,1.411266e+00,8.244374e-01,-2.743486e-01,-3.777273e-01,1.267115e+00,-1.107181e+00,-5.156970e-01
1.822185e+00,-5.137150e+00,-3.379464e+00,-5.461697e-01,1.511316e+00,7.741077e-01,-2.950272e-01,-4.757932e-01,1.331406e+00,-1.238672e+00,-5.881766e-01
1.849615e+00,-5.095184e+00,-3.155593e+00,-5.925107e-01,1.599369e+00,5.128217e-01,-6.512121e-02,-5.129059e-01,1.095448e+00,-9.926800e-01,-6.771007e-01
1.616151e+00,-5.076048e+00,-3.388732e+00,-7.155143e-01,1.689436e+00,5.525351e-01,-2.145276e-01,-3.445802e-01,1.084582e+00,-9.134416e-01,-8.126986e-01
1.787073e+00,-4.897928e+00,-3.060286e+00,-6.341924e-01,1.765496e+00,6.076257e-01,-1.500180e-01,-3.280355e-01,1.087622e+00,-9.134190e-01,-7.072580e-01
1.592280e+00,-5.215874e+00,-3.234421e+00,-7.242812e-01,1.608374e+00,5.826674e-01,-1.323531e-01,-4.118030e-01,1.103668e+00,-8.775303e-01,-7.095387e-01
1.829091e+00,-5.208366e+00,-3.204659e+00,-5.906411e-01,1.651585e+00,6.541988e-01,-2.799053e-02,-4.436151e-01,1.227103e+00,-9.576798e-01,-5.637164e-01
1.924948e+00,-5.331977e+00,-3.371275e+00,-4.664447e-01,1.395538e+00,8.131174e-01,-2.244339e-01,-4.768953e-01,1.333077e+00,-1.239347e+00,-4.370689e-01
1.578988e+00,-5.251989e+00,-3.348912e+00,-5.669020e-01,1.546284e+00,8.178286e-01,-1.569603e-01,-4.093290e-01,1.227521e+00,-1.012526e+00,-5.980170e-01
1.470323e+00,-5.360387e+00,-3.317514e+00,-7.469665e-01,1.715816e+00,6.497660e-01,-9.001196e-02,-3.691581e-01,1.151508e+00,-9.555541e-01,-6.636094e-01
1.467944e+00,-5.121567e+00,-3.433088e+00,-7.276999e-01,1.711670e+00,5.588572e-01,-2.109907e-01,-3.893080e-01,9.635087e-01,-8.981776e-01,-8.430937e-01
1.303757e+00,-5.488889e+00,-3.437675e+00,-9.113081e-01,1.672113e+00,4.225593e-01,-8.494564e-02,-5.029407e-01,1.043597e+00,-9.935213e-01,-7.351635e-01
1.605571e+00,-5.150139e+00,-3.240483e+00,-6.356420e-01,1.679533e+00,7.149246e-01,-1.319410e-01,-3.560389e-01,1.155640e+00,-8.996132e-01,-6.601656e-01
1.774988e+00,-5.201976e+00,-3.252464e+00,-6.226866e-01,1.544398e+00,6.786705e-01,-2.279639e-01,-4.274722e-01,1.199428e+00,-1.140651e+00,-5.596922e-01
1.885887e+00,-5.276226e+00,-3.382926e+00,-4.720952e-01,1.382347e+00,7.569043e-01,-2.132609e-01,-4.922452e-01,1.311308e+00,-1.186209e+00,-4.518198e-01
1.883892e+00,-5.044312e+00,-3.121738e+00,-5.123641e-01,1.541400e+00,6.436297e-01,-1.253808e-01,-4.681972e-01,1.133161e+00,-1.004909e+00,-6.312366e-01
1.666197e+00,-5.127680e+00,-3.168588e+00,-7.675258e-01,1.690224e+00,5.776193e-01,-2.499564e-01,-3.439325e-01,1.080577e+00,-1.007838e+00,-6.999590e-01
1.708268e+00,-5.003076e+00,-3.072536e+00,-6.937521e-01,1.798908e+00,5.784827e-01,-1.104467e-01,-3.571810e-01,1.059230e+00,-8.742238e-01,-7.224448e-01
1.558442e+00,-5.083920e+00,-3.304572e+00,-6.201822e-01,1.618654e+00,4.957988e-01,-8.231685e-02,-4.084197e-01,9.511823e-01,-8.086164e-01,-8.032539e-01
1.563046e+00,-5.116038e+00,-3.336538e+00,-6.318733e-01,1.631104e+00,7.295497e-01,-2.668228e-01,-3.197619e-01,1.082255e+00,-9.557759e-01,-6.776158e-01
1.557423e+00,-5.233585e+00,-3.399445e+00,-4.893945e-01,1.431846e+00,8.617855e-01,-2.664401e-01,-3.582345e-01,1.203323e+00,-1.134811e+00,-5.497489e-01
1.699130e+00,-5.187576e+00,-3.362171e+00,-4.252285e-01,1.439166e+00,9.087746e-01,-2.324073e-01,-3.823062e-01,1.216900e+00,-1.043621e+00,-5.129047e-01
1.340004e+00,-5.524084e+00,-3.569684e+00,-8.050904e-01,1.618834e+00,5.334786e-01,-1.223803e-01,-4.249656e-01,1.141810e+00,-1.036070e+00,-6.068106e-01
1.476839e+00,-5.233213e+00,-3.261485e+00,-7.803622e-01,1.741975e+00,6.453203e-01,-1.765721e-01,-3.468822e-01,1.095959e+00,-9.107529e-01,-6.268720e-01
1.340214e+00,-5.437011e+00,-3.290171e+00,-9.175712e-01,1.609855e+00,4.922192e-01,-2.365989e-01,-4.733494e-01,9.525480e-01,-1.085318e+00,-7.137403e-01
1.687499e+00,-5.223666e+00,-3.224546e+00,-7.430200e-01,1.781219e+00,6.125010e-01,-1.425044e-01,-3.322040e-01,1.164578e+00,-9.528337e-01,-6.010552e-01
1.712626e+00,-5.113244e+00,-3.301466e+00,-5.784519e-01,1.527316e+00,6.183819e-01,-1.949821e-01,-4.271824e-01,1.075919e+00,-1.012331e+00,-6.280545e-01
2.042348e+00,-5.134534e+00,-3.176456e+00,-3.325071e-01,1.361239e+00,9.124288e-01,-2.362309e-01,-4.428468e-01,1.319600e+00,-1.211003e+00,-4.555416e-01
1.781487e+00,-5.030696e+00,-3.175894e+00,-5.116863e-01,1.499185e+00,8.323469e-01,-3.117113e-01,-3.191402e-01,1.129188e+00,-1.042820e+00,-6.091143e-01
1.690017e+00,-5.022671e+00,-3.239819e+00,-5.940076e-01,1.565312e+00,6.049316e-01,-2.224906e-01,-3.359240e-01,1.016937e+00,-9.050917e-01,-6.927500e-01
1.598958e+00,-5.039267e+00,-3.305461e+00,-6.398283e-01,1.669750e+00,6.029755e-01,-1.736877e-01,-3.465738e-01,1.003609e+00,-8.431012e-01,-7.855929e-01
1.407667e+00,-5.187020e+00,-3.376320e+00,-7.065998e-01,1.530807e+00,5.808846e-01,-2.115160e-01,-3.670490e-01,9.792037e-01,-8.700584e-01,-7.883554e-01
1.746427e+00,-5.139875e+00,-3.234688e+00,-6.881437e-01,1.737675e+00,6.494392e-01,-1.648903e-01,-4.445123e-01,1.188359e+00,-1.044649e+00,-7.097220e-01
1.428162e+00,-5.498080e+00,-3.599437e+00,-6.384602e-01,1.370505e+00,6.594361e-01,-1.832368e-01,-5.085116e-01,1.145552e+00,-1.072169e+00,-6.314452e-01
1.800360e+00,-5.272270e+00,-3.459809e+00,-3.749877e-01,1.336029e+00,8.718344e-01,-2.069621e-01,-5.121544e-01,1.290924e+00,-1.152947e+00,-4.997748e-01
1.493809e+00,-5.331984e+00,-3.424007e+00,-6.867916e-01,1.591272e+00,7.315567e-01,-2.382891e-01,-3.881256e-01,1.167124e+00,-1.110713e+00,-6.535796e-01
1.463300e+00,-5.250447e+00,-3.353317e+00,-6.680089e-01,1.626519e+00,7.211031e-01,-2.015281e-01,-3.117302e-01,1.063038e+00,-9.036078e-01,-6.810552e-01
1.569127e+00,-5.205201e+00,-3.255097e+00,-7.066781e-01,1.682690e+00,5.350445e-01,-7.054200e-02,-4.310802e-01,9.851240e-01,-8.391689e-01,-7.403537e-01
1.704194e+00,-5.027489e+00,-3.226319e+00,-6.152016e-01,1.749019e+00,5.850719e-01,-9.862049e-02,-3.684675e-01,1.089655e+00,-9.099619e-01,-7.292413e-01
1.585794e+00,-5.134042e+00,-3.377767e+00,-6.828251e-01,1.492573e+00,6.768074e-01,-3.412995e-01,-3.720124e-01,1.096369e+00,-9.830222e-01,-6.933853e-01
1.968870e+00,-5.050539e+00,-3.203116e+00,-3.829844e-01,1.384487e+00,7.685703e-01,-2.108094e-01,-4.794850e-01,1.199699e+00,-1.123098e+00,-6.058865e-01
1.893113e+00,-5.191586e+00,-3.437281e+00,-5.917271e-01,1.505127e+00,7.033446e-01,-2.652036e-01,-4.438480e-01,1.347741e+00,-1.141207e+00,-5.050601e-01
1.702178e+00,-5.114203e+00,-3.256427e+00,-6.047833e-01,1.559539e+00,5.781100e-01,-1.441536e-01,-4.436188e-01,1.082436e+00,-9.943494e-01,-7.010943e-01
1.569080e+00,-5.029914e+00,-3.210483e+00,-6.661434e-01,1.642990e+00,6.519598e-01,-2.185812e-01,-3.689520e-01,1.001914e+00,-8.812468e-01,-8.039063e-01
1.313891e+00,-5.283336e+00,-3.449112e+00,-7.550404e-01,1.595208e+00,5.500626e-01,-1.722120e-01,-4.138801e-01,9.828568e-01,-9.104450e-01,-8.229136e-01
1.692740e+00,-5.063167e+00,-3.225969e+00,-5.604640e-01,1.755104e+00,6.122223e-01,8.805621e-03,-3.859412e-01,1.062179e+00,-7.945232e-01,-7.149266e-01
1.476920e+00,-5.435797e+00,-3.391568e+00,-6.859452e-01,1.583720e+00,7.149909e-01,-1.211609e-01,-4.015467e-01,1.178804e+00,-1.004284e+00,-5.875525e-01
1.584870e+00,-5.350073e+00,-3.480563e+00,-4.912820e-01,1.350582e+00,9.663475e-01,-3.988347e-01,-3.386971e-01,1.249606e+00,-1.247076e+00,-4.423318e-01
1.528811e+00,-5.267348e+00,-3.418547e+00,-5.809607e-01,1.438098e+00,7.696677e-01,-3.073086e-01,-4.156113e-01,1.073419e+00,-1.086567e+00,-6.283232e-01
1.496695e+00,-5.209046e+00,-3.336173e+00,-6.279525e-01,1.649275e+00,5.946598e-01,-8.436671e-02,-3.732548e-01,9.994180e-01,-8.856528e-01,-7.211086e-01
1.460114e+00,-5.217258e+00,-3.313010e+00,-8.023024e-01,1.607616e+00,5.874485e-01,-2.959226e-01,-3.741381e-01,9.700302e-01,-9.430246e-01,-7.279092e-01
1.697297e+00,-4.929416e+00,-3.170987e+00,-5.952383e-01,1.675074e+00,6.097891e-01,-2.032071e-01,-3.493250e-01,1.051195e+00,-9.313691e-01,-7.276138e-01
1.508382e+00,-5.152904e+00,-3.308352e+00,-7.573598e-01,1.616724e+00,5.508386e-01,-2.340559e-01,-3.888914e-01,1.043408e+00,-9.714962e-01,-7.183756e-01
1.980145e+00,-5.052949e+00,-3.119415e+00,-4.929016e-01,1.567747e+00,6.387544e-01,-1.346724e-01,-4.346450e-01,1.158341e+00,-1.081714e+00,-5.512661e-01
1.885260e+00,-5.181289e+00,-3.303293e+00,-4.236673e-01,1.305510e+00,9.349966e-01,-3.657823e-01,-3.762161e-01,1.288186e+00,-1.196214e+00,-4.220093e-01
1.632279e+00,-5.266074e+00,-3.219774e+00,-7.129826e-01,1.579154e+00,6.335226e-01,-2.037668e-01,-4.424013e-01,1.159715e+00,-1.113609e+00,-5.826102e-01
1.777553e+00,-5.071286e+00,-3.160030e+00,-5.990433e-01,1.688872e+00,6.334591e-01,-1.130524e-01,-3.592617e-01,1.088493e+00,-8.737405e-01,-6.461329e-01
1.241922e+00,-5.223691e+00,-3.499829e+00,-7.355698e-01,1.657497e+00,5.625371e-01,-1.304262e-01,-3.433724e-01,1.013131e+00,-8.186529e-01,-7.517866e-01
1.411308e+00,-5.213862e+00,-3.236279e+00,-7.053031e-01,1.686169e+00,6.801471e-01,-1.893416e-01,-2.996761e-01,9.703772e-01,-9.197103e-01,-7.038740e-01
1.390745e+00,-5.221234e+00,-3.383988e+00,-6.617754e-01,1.559444e+00,7.634257e-01,-2.830186e-01,-3.506829e-01,1.017294e+00,-9.615507e-01,-7.469909e-01
1.463034e+00,-5.339545e+00,-3.506734e+00,-5.062240e-01,1.467908e+00,8.364546e-01,-2.054377e-01,-3.474708e-01,1.183824e+00,-1.099227e+00,-5.498194e-01
1.561259e+00,-5.310666e+00,-3.472539e+00,-5.911850e-01,1.415443e+00,7.976209e-01,-2.998989e-01,-3.679965e-01,1.171077e+00,-1.038646e+00,-5.073200e-01
1.678526e+00,-5.180601e+00,-3.229188e+00,-6.055970e-01,1.601702e+00,6.618561e-01,-1.947557e-01,-4.310136e-01,1.078983e+00,-1.100118e+00,-6.907654e-01
1.488057e+00,-5.211007e+00,-3.377946e+00,-8.324470e-01,1.675966e+00,5.636060e-01,-2.474600e-01,-3.744277e-01,1.111984e+00,-9.460366e-01,-7.314867e-01
1.855345e+00,-4.896220e+00,-3.102312e+00,-5.253002e-01,1.724263e+00,5.781023e-01,-6.631811e-02,-3.546875e-01,1.035031e+00,-8.251572e-01,-7.297732e-01
1.651195e+00,-5.167633e+00,-3.250625e+00,-7.635337e-01,1.689886e+00,4.868757e-01,-1.080590e-01,-4.491230e-01,1.100554e+00,-9.152004e-01,-7.307530e-01
1.837657e+00,-5.049487e+00,-3.098621e+00,-5.569573e-01,1.621289e+00,7.165513e-01,-1.421833e-01,-3.874380e-01,1.205273e+00,-1.000102e+00,-5.723083e-01
1.920102e+00,-5.154318e+00,-3.286944e+00,-3.541992e-01,1.299665e+00,8.794860e-01,-2.260214e-01,-4.662448e-01,1.284300e+00,-1.148366e+00,-5.430402e-01
1.632207e+00,-5.219705e+00,-3.396816e+00,-5.853257e-01,1.546766e+00,6.666101e-01,-1.057846e-01,-4.294392e-01,1.187942e+00,-9.400454e-01,-6.301881e-01
1.696595e+00,-5.091956e+00,-3.289990e+00,-5.747399e-01,1.648966e+00,6.131985e-01,-1.130278e-01,-4.127471e-01,1.088915e+00,-9.220719e-01,-7.192385e-01
1.471835e+00,-5.321277e+00,-3.320554e+00,-8.640713e-01,1.729444e+00,5.302548e-01,-1.699185e-01,-4.557214e-01,1.103399e+00,-1.011134e+00,-7.171989e-01
1.178911e+00,-5.303007e+00,-3.411863e+00,-7.801772e-01,1.683486e+00,5.939626e-01,-1.039144e-01,-3.403541e-01,1.015922e+00,-8.406580e-01,-7.142684e-01
1.535568e+00,-5.212283e+00,-3.489026e+00,-6.554866e-01,1.648797e+00,6.027975e-01,-1.289647e-01,-4.284233e-01,1.084994e+00,-8.803941e-01,-7.946247e-01
1.559535e+00,-5.288393e+00,-3.445022e+00,-5.538054e-01,1.523447e+00,7.339332e-01,-1.223198e-01,-4.256113e-01,1.239752e+00,-1.019368e+00,-5.915170e-01
1.743566e+00,-5.397286e+00,-3.431736e+00,-5.210478e-01,1.322077e+00,8.519473e-01,-2.481502e-01,-5.517404e-01,1.363188e+00,-1.263766e+00,-4.807783e-01
1.861084e+00,-5.006478e+00,-3.156565e+00,-4.747724e-01,1.599475e+00,7.371625e-01,-1.489384e-01,-3.910103e-01,1.150445e+00,-9.820635e-01,-6.245489e-01
1.642918e+00,-5.141829e+00,-3.320298e+00,-6.809775e-01,1.677441e+00,5.144025e-01,-8.075528e-02,-4.295624e-01,1.078787e+00,-8.733162e-01,-7.454411e-01
1.767655e+00,-4.975320e+00,-3.108846e+00,-6.375164e-01,1.682309e+00,5.831504e-01,-1.827081e-01,-3.945615e-01,1.020351e+00,-9.379895e-01,-7.571366e-01
1.497119e+00,-5.114976e+00,-3.275750e+00,-7.516068e-01,1.553314e+00,5.048508e-01,-2.169058e-01,-4.372536e-01,1.016896e+00,-9.171935e-01,-7.596442e-01
1.699748e+00,-5.073289e+00,-3.236999e+00,-6.166024e-01,1.617818e+00,6.658804e-01,-2.070665e-01,-3.757750e-01,1.105600e+00,-9.592446e-01,-6.855080e-01
1.866073e+00,-5.158012e+00,-3.264397e+00,-4.439221e-01,1.460573e+00,6.885672e-01,-1.431913e-01,-4.720157e-01,1.142632e+00,-1.076733e+00,-5.955080e-01
1.802150e+00,-5.174467e+00,-3.269356e+00,-5.394559e-01,1.544687e+00,8.151414e-01,-2.353537e-01,-4.321154e-01,1.260746e+00,-1.149563e+00,-5.568560e-01
1.500726e+00,-5.255349e+00,-3.294957e+00,-7.183509e-01,1.681768e+00,6.470282e-01,-1.857952e-01,-3.799718e-01,1.139126e+00,-1.050828e+00,-6.136153e-01
1.453378e+00,-5.234490e+00,-3.261027e+00,-7.803748e-01,1.746286e+00,5.488094e-01,-8.788004e-02,-4.520278e-01,1.027583e+00,-9.204685e-01,-7.337719e-01
1.147374e+00,-5.495659e+00,-3.487783e+00,-9.126625e-01,1.692457e+00,4.869606e-01,-1.142390e-01,-3.559970e-01,1.022593e+00,-9.025717e-01,-6.371321e-01
1.468443e+00,-5.277405e+00,-3.291434e+00,-8.512953e-01,1.858618e+00,6.066932e-01,-1.639233e-01,-3.431302e-01,1.158946e+00,-1.029215e+00,-6.549973e-01
1.633648e+00,-5.256535e+00,-3.210976e+00,-6.620835e-01,1.618261e+00,6.785305e-01,-1.574816e-01,-4.183093e-01,1.149146e+00,-1.046270e+00,-5.839802e-01
1.751941e+00,-5.284389e+00,-3.412428e+00,-4.258436e-01,1.355446e+00,8.651603e-01,-2.363040e-01,-4.371473e-01,1.265765e+00,-1.183717e+00,-4.735353e-01
1.802504e+00,-5.072937e+00,-3.264038e+00,-5.367348e-01,1.542213e+00,6.763016e-01,-2.193565e-01,-4.032329e-01,1.150275e+00,-1.027111e+00,-5.539917e-01
1.680730e+00,-5.116692e+00,-3.083641e+00,-6.649660e-01,1.646979e+00,6.192428e-01,-1.359368e-01,-3.547145e-01,1.087648e+00,-9.438537e-01,-5.776382e-01
1.651651e+00,-4.938195e+00,-3.169739e+00,-6.141216e-01,1.669605e+00,6.773158e-01,-2.519658e-01,-3.011237e-01,9.866855e-01,-8.763120e-01,-8.121323e-01
1.630907e+00,-5.050211e+00,-3.222875e+00,-7.132219e-01,1.712366e+00,4.576583e-01,-1.133425e-01,-3.862916e-01,1.020003e+00,-8.837711e-01,-7.618307e-01
1.685461e+00,-4.971537e+00,-3.206017e+00,-6.104803e-01,1.700823e+00,6.495827e-01,-1.573222e-01,-3.241951e-01,1.098479e+00,-8.591763e-01,-6.881309e-01
1.639722e+00,-5.188517e+00,-3.276329e+00,-5.776558e-01,1.532853e+00,7.408073e-01,-2.114006e-01,-3.777349e-01,1.191408e+00,-1.068054e+00,-5.730665e-01
1.810081e+00,-5.195729e+00,-3.265252e+00,-4.603874e-01,1.440714e+00,8.904296e-01,-2.324016e-01,-4.495557e-01,1.303715e+00,-1.200978e+00,-4.684912e-01
1.429271e+00,-5.350626e+00,-3.513313e+00,-6.566327e-01,1.599391e+00,6.516437e-01,-1.257763e-01,-3.732566e-01,1.176210e+00,-9.874372e-01,-5.965095e-01
1.405669e+00,-5.304602e+00,-3.393600e+00,-7.030918e-01,1.600480e+00,6.323002e-01,-1.486770e-01,-4.077292e-01,9.950641e-01,-8.923595e-01,-7.449986e-01
1.393236e+00,-5.209207e+00,-3.317476e+00,-7.054759e-01,1.705411e+00,6.756802e-01,-1.154014e-01,-3.230289e-01,1.096330e+00,-8.278917e-01,-6.920886e-01
1.441427e+00,-5.311306e+00,-3.353248e+00,-7.352125e-01,1.698097e+00,6.278415e-01,-1.115733e-01,-3.819842e-01,1.102379e+00,-9.106494e-01,-7.034786e-01
1.583837e+00,-5.120615e+00,-3.415019e+00,-5.595703e-01,1.498177e+00,6.365446e-01,-1.942442e-01,-4.354465e-01,9.907850e-01,-8.991541e-01,-7.596458e-01
1.973280e+00,-5.189542e+00,-3.254656e+00,-4.661808e-01,1.508247e+00,6.862201e-01,-9.448444e-02,-5.726048e-01,1.297549e+00,-1.198822e+00,-5.868601e-01
1.875744e+00,-5.084981e+00,-3.323183e+00,-5.584667e-01,1.562538e+00,7.966294e-01,-3.097888e-01,-4.036378e-01,1.358643e+00,-1.210581e+00,-5.527337e-01
1.644347e+00,-5.049673e+00,-3.260489e+00,-5.527185e-01,1.521037e+00,5.973249e-01,-1.036002e-01,-4.421471e-01,1.105023e+00,-9.170605e-01,-7.118540e-01
1.717467e+00,-4.873247e+00,-3.249945e+00,-6.115170e-01,1.778501e+00,5.854472e-01,-1.428041e-01,-3.072642e-01,1.067355e+00,-8.161511e-01,-7.575863e-01
1.517865e+00,-5.152997e+00,-3.283439e+00,-8.255136e-01,1.678047e+00,4.713305e-01,-2.369755e-01,-3.850044e-01,1.020360e+00,-9.907321e-01,-7.060106e-01
1.774391e+00,-5.045162e+00,-3.087607e+00,-6.116964e-01,1.650286e+00,6.817074e-01,-1.744194e-01,-4.009638e-01,1.050549e+00,-9.204233e-01,-6.998587e-01
1.467292e+00,-5.303023e+00,-3.391455e+00,-7.000182e-01,1.567783e+00,6.288877e-01,-1.659945e-01,-4.379670e-01,1.122108e+00,-1.028075e+00,-6.638589e-01
1.806908e+00,-5.192341e+00,-3.473181e+00,-3.577618e-01,1.373319e+00,8.581154e-01,-2.122689e-01,-4.652263e-01,1.252473e+00,-1.156236e+00,-5.573126e-01
1.235182e+00,-5.488308e+00,-3.665156e+00,-7.312958e-01,1.339680e+00,6.995482e-01,-2.912942e-01,-4.028629e-01,1.163664e+00,-9.553670e-01,-5.373256e-01
1.348220e+00,-5.390842e+00,-3.331649e+00,-7.572111e-01,1.672594e+00,6.763618e-01,-1.012781e-01,-3.426038e-01,1.129724e+00,-9.275268e-01,-5.696053e-01
1.478405e+00,-5.275970e+00,-3.373872e+00,-8.425150e-01,1.713228e+00,4.724222e-01,-1.325127e-01,-4.718855e-01,1.067038e+00,-9.053960e-01,-7.379952e-01
1.579614e+00,-5.072241e+00,-3.297497e+00,-5.679183e-01,1.688928e+00,6.394583e-01,-1.126799e-01,-3.194473e-01,9.672055e-01,-8.365926e-01,-7.603726e-01
1.503972e+00,-5.151014e+00,-3.284024e+00,-7.469763e-01,1.696640e+00,6.303341e-01,-1.917411e-01,-3.538903e-01,1.090085e+00,-9.127309e-01,-7.317681e-01
1.820882e+00,-4.994558e+00,-3.223386e+00,-4.441840e-01,1.494462e+00,8.115619e-01,-2.892132e-01,-3.234686e-01,1.163502e+00,-1.075606e+00,-5.981933e-01
1.836941e+00,-5.087796e+00,-3.367860e+00,-3.404185e-01,1.322221e+00,8.792608e-01,-2.477050e-01,-4.319203e-01,1.249935e+00,-1.108150e+00,-5.459539e-01
1.653614e+00,-5.228416e+00,-3.301271e+00,-6.642827e-01,1.503020e+00,5.394664e-01,-1.633916e-01,-4.590994e-01,1.107797e+00,-1.015632e+00,-6.004926e-01
1.822782e+00,-4.983278e+00,-3.052871e+00,-6.669315e-01,1.736605e+00,6.090756e-01,-1.837168e-01,-3.716171e-01,1.097092e+00,-9.717987e-01,-6.547782e-01
1.408633e+00,-5.236326e+00,-3.350602e+00,-8.963434e-01,1.674740e+00,5.000714e-01,-2.970262e-01,-3.672063e-01,1.053936e+00,-1.031037e+00,-7.077104e-01
1.689327e+00,-5.123437e+00,-3.182539e+00,-6.483611e-01,1.624646e+00,5.276811e-01,-1.493135e-01,-4.687135e-01,9.342365e-01,-9.608371e-01,-7.483265e-01
1.368303e+00,-5.344650e+00,-3.524555e+00,-7.879734e-01,1.545219e+00,5.780457e-01,-2.834282e-01,-4.000073e-01,1.058396e+00,-1.007181e+00,-6.780182e-01
1.537174e+00,-5.351161e+00,-3.361981e+00,-5.561687e-01,1.506948e+00,8.150599e-01,-1.479224e-01,-4.149480e-01,1.268860e+00,-1.130322e+00,-5.068490e-01
1.569165e+00,-5.275782e+00,-3.414135e+00,-4.872346e-01,1.418999e+00,9.297963e-01,-2.705913e-01,-3.399151e-01,1.217423e+00,-1.034807e+00,-5.085342e-01
1.522865e+00,-5.234279e+00,-3.306391e+00,-6.369399e-01,1.777231e+00,6.986157e-01,-7.052400e-02,-2.720863e-01,1.151004e+00,-9.398746e-01,-5.693284e-01
1.397135e+00,-5.109893e+00,-3.333180e+00,-6.529286e-01,1.755555e+00,6.904260e-01,-1.158993e-01,-2.789677e-01,1.030388e+00,-7.962295e-01,-7.447263e-01
1.639720e+00,-4.992051e+00,-3.107208e+00,-6.118600e-01,1.730422e+00,6.508733e-01,-1.594279e-01,-3.245875e-01,1.026286e+00,-9.261495e-01,-6.939887e-01
1.397363e+00,-5.257851e+00,-3.335355e+00,-8.497900e-01,1.603144e+00,5.837719e-01,-3.298558e-01,-3.812184e-01,9.801944e-01,-1.049164e+00,-7.339700e-01
1.828440e+00,-5.021618e+00,-3.276597e+00,-5.395909e-01,1.581930e+00,6.166441e-01,-1.921363e-01,-3.959820e-01,1.164360e+00,-1.000831e+00,-5.931469e-01
1.939806e+00,-5.164258e+00,-3.232734e+00,-3.567053e-01,1.297131e+00,8.673010e-01,-1.964522e-01,-4.706188e-01,1.279781e+00,-1.123231e+00,-4.336913e-01
1.623544e+00,-5.113793e+00,-3.258324e+00,-5.768237e-01,1.481731e+00,7.559512e-01,-2.962806e-01,-3.600669e-01,1.113280e+00,-1.064221e+00,-6.537326e-01
1.834899e+00,-4.971751e+00,-3.042214e+00,-5.608311e-01,1.680822e+00,6.664429e-01,-1.010529e-01,-3.492261e-01,1.120316e+00,-8.929031e-01,-5.910280e-01
1.555674e+00,-5.103565e+00,-3.364933e+00,-6.861458e-01,1.701911e+00,5.761829e-01,-1.722953e-01,-3.405450e-01,9.946972e-01,-8.639695e-01,-8.013485e-01
1.588389e+00,-5.095891e+00,-3.257787e+00,-6.403813e-01,1.674000e+00,5.695771e-01,-1.395482e-01,-4.288672e-01,9.819352e-01,-9.372701e-01,-7.933312e-01
1.216995e+00,-5.430062e+00,-3.544934e+00,-1.011452e+00,1.522196e+00,4.204449e-01,-3.693428e-01,-5.439735e-01,9.649549e-01,-1.068620e+00,-8.374962e-01
1.338997e+00,-5.347414e+00,-3.533245e+00,-6.232058e-01,1.493501e+00,7.168572e-01,-1.852755e-01,-4.363782e-01,1.137755e+00,-1.092321e+00,-6.766648e-01
1.675775e+00,-5.411062e+00,-3.513563e+00,-4.803437e-01,1.393039e+00,8.432245e-01,-1.442933e-01,-4.665871e-01,1.332267e+00,-1.100934e+00,-4.195096e-01
1.736065e+00,-5.132204e+00,-3.260365e+00,-5.388678e-01,1.644031e+00,7.480219e-01,-1.674143e-01,-3.724966e-01,1.178985e+00,-1.041473e+00,-5.919687e-01
1.260149e+00,-5.388939e+00,-3.486541e+00,-8.313178e-01,1.533529e+00,5.492561e-01,-1.826500e-01,-4.855519e-01,1.051732e+00,-9.227448e-01,-7.626205e-01
1.673359e+00,-5.015046e+00,-3.197506e+00,-5.798249e-01,1.638097e+00,6.194204e-01,-1.375600e-01,-3.702669e-01,9.969332e-01,-8.283201e-01,-7.404958e-01
1.475709e+00,-5.215848e+00,-3.443557e+00,-8.099765e-01,1.558121e+00,3.879067e-01,-2.178520e-01,-5.163423e-01,9.575110e-01,-9.878713e-01,-7.932583e-01
1.655891e+00,-5.098257e+00,-3.187973e+00,-8.059559e-01,1.740883e+00,5.317785e-01,-2.101984e-01,-4.183303e-01,1.177405e+00,-1.085309e+00,-6.032609e-01
1.922389e+00,-5.092601e+00,-3.137696e+00,-4.390205e-01,1.403431e+00,7.748848e-01,-1.908182e-01,-4.618593e-01,1.219585e+00,-1.115383e+00,-5.209858e-01
1.725007e+00,-5.037544e+00,-3.495953e+00,-4.774821e-01,1.440439e+00,8.058216e-01,-3.557575e-01,-3.380147e-01,1.227007e+00,-1.057152e+00,-6.317598e-01
1.753797e+00,-5.003482e+00,-3.247986e+00,-5.576271e-01,1.670952e+00,5.427828e-01,-8.456486e-02,-4.457264e-01,1.062118e+00,-9.690799e-01,-7.654582e-01
1.500851e+00,-5.337504e+00,-3.202708e+00,-9.241162e-01,1.675719e+00,4.728409e-01,-1.864377e-01,-4.972495e-01,1.005271e+00,-1.003127e+00,-7.325317e-01
1.389553e+00,-5.205092e+00,-3.294624e+00,-7.448662e-01,1.769883e+00,6.455444e-01,-1.271362e-01,-2.945157e-01,1.098965e+00,-9.115190e-01,-6.671638e-01
1.383670e+00,-5.163232e+00,-3.360312e+00,-6.851085e-01,1.726367e+00,6.431654e-01,-4.202375e-02,-3.454246e-01,1.083770e+00,-7.594327e-01,-7.010318e-01
1.551055e+00,-5.227657e+00,-3.278848e+00,-6.220072e-01,1.719614e+00,7.061511e-01,-1.249798e-01,-3.138720e-01,1.121706e+00,-9.908821e-01,-5.545490e-01
1.597920e+00,-5.410875e+00,-3.461175e+00,-4.883289e-01,1.392196e+00,1.000535e+00,-2.420723e-01,-3.408069e-01,1.416797e+00,-1.165841e+00,-3.136225e-01
1.740677e+00,-5.121478e+00,-3.173719e+00,-6.410403e-01,1.714946e+00,6.861596e-01,-2.130470e-01,-4.435011e-01,1.190779e+00,-1.205908e+00,-5.897708e-01
1.412480e+00,-5.282116e+00,-3.286959e+00,-7.737522e-01,1.631312e+00,5.280226e-01,-1.264772e-01,-3.839601e-01,9.890230e-01,-9.011524e-01,-5.895791e-01
1.652290e+00,-5.025303e+00,-3.194658e+00,-6.320863e-01,1.702366e+00,6.029892e-01,-1.615681e-01,-3.408215e-01,1.005393e+00,-8.444818e-01,-7.024277e-01
1.478905e+00,-5.100918e+00,-3.260658e+00,-7.587799e-01,1.561949e+00,5.682021e-01,-3.165487e-01,-3.041363e-01,9.685372e-01,-9.141951e-01,-6.938708e-01
1.719976e+00,-5.018028e+00,-3.180115e+00,-6.182104e-01,1.661169e+00,7.073939e-01,-2.460780e-01,-2.958520e-01,1.114019e+00,-9.463334e-01,-6.743436e-01
1.767616e+00,-4.936471e+00,-3.244160e+00,-4.301757e-01,1.509101e+00,7.151604e-01,-1.932073e-01,-3.383150e-01,1.105005e+00,-9.809320e-01,-5.950199e-01
1.820251e+00,-5.005701e+00,-3.365656e+00,-3.232225e-01,1.326118e+00,9.350863e-01,-3.339748e-01,-3.521170e-01,1.205043e+00,-1.088817e+00,-5.399081e-01
1.794714e+00,-5.179866e+00,-3.147518e+00,-6.136328e-01,1.713397e+00,6.824526e-01,-9.247813e-02,-4.055935e-01,1.265515e+00,-1.059304e+00,-5.714269e-01
1.513051e+00,-5.332546e+00,-3.191331e+00,-9.048525e-01,1.733911e+00,4.271580e-01,-8.034336e-02,-5.569022e-01,1.092784e+00,-1.030209e+00,-6.608368e-01
1.488364e+00,-5.174374e+00,-3.392876e+00,-6.953752e-01,1.802703e+00,5.708737e-01,-1.071133e-01,-3.137702e-01,1.066692e+00,-8.825308e-01,-7.244826e-01
1.212204e+00,-5.484821e+00,-3.373687e+00,-9.204737e-01,1.682211e+00,5.243760e-01,-1.092362e-01,-4.108505e-01,1.037060e+00,-9.294724e-01,-6.326026e-01
1.541357e+00,-5.219342e+00,-3.218492e+00,-6.328927e-01,1.642356e+00,7.659560e-01,-1.844791e-01,-3.214988e-01,1.111596e+00,-9.337524e-01,-5.686892e-01
1.492976e+00,-5.327347e+00,-3.442131e+00,-5.438124e-01,1.425669e+00,8.693776e-01,-2.540683e-01,-3.270026e-01,1.241633e+00,-1.102724e+00,-4.228241e-01
1.723646e+00,-5.071308e+00,-3.349604e+00,-5.185590e-01,1.582629e+00,7.514046e-01,-2.695585e-01,-3.716570e-01,1.123542e+00,-1.102009e+00,-6.355326e-01
1.465479e+00,-5.169487e+00,-3.313871e+00,-7.080342e-01,1.563297e+00,5.648839e-01,-1.877089e-01,-3.955198e-01,1.023286e+00,-9.199599e-01,-6.876788e-01
1.667516e+00,-4.999047e+00,-3.125225e+00,-7.507073e-01,1.848143e+00,6.176538e-01,-1.581669e-01,-3.470989e-01,1.116464e+00,-9.319470e-01,-7.664614e-01
1.615532e+00,-5.071402e+00,-3.217241e+00,-7.480157e-01,1.712017e+00,4.824074e-01,-1.425115e-01,-3.789112e-01,1.055580e+00,-9.174899e-01,-7.474186e-01
1.763586e+00,-4.856220e+00,-3.220064e+00,-4.759174e-01,1.639674e+00,6.213775e-01,-7.026239e-02,-3.911873e-01,1.038109e+00,-7.828727e-01,-7.834335e-01
1.680778e+00,-5.113054e+00,-3.287296e+00,-6.192854e-01,1.569614e+00,6.534789e-01,-2.604770e-01,-4.185618e-01,1.122393e+00,-1.101281e+00,-6.957890e-01
1.941196e+00,-5.171462e+00,-3.316693e+00,-3.335873e-01,1.201904e+00,9.347239e-01,-3.032048e-01,-5.080418e-01,1.266793e+00,-1.179589e+00,-4.974992e-01
1.603176e+00,-5.138207e+00,-3.327732e+00,-5.700404e-01,1.640984e+00,7.014688e-01,-9.256315e-02,-4.030238e-01,1.244721e+00,-9.934615e-01,-5.660163e-01
1.393444e+00,-5.445006e+00,-3.428931e+00,-9.067444e-01,1.682261e+00,3.894353e-01,-5.191278e-02,-5.345584e-01,1.104838e+00,-9.634623e-01,-6.268227e-01
1.370486e+00,-5.111509e+00,-3.329867e+00,-7.274890e-01,1.693229e+00,6.394765e-01,-2.547465e-01,-3.502604e-01,9.536402e-01,-9.169119e-01,-7.970108e-01
1.176311e+00,-5.339976e+00,-3.381129e+00,-8.107311e-01,1.692870e+00,6.198217e-01,-9.224482e-02,-3.288680e-01,1.049792e+00,-8.044881e-01,-7.079529e-01
1.505098e+00,-5.157030e+00,-3.342280e+00,-6.658050e-01,1.683627e+00,6.865803e-01,-1.875693e-01,-3.181015e-01,1.036561e+00,-8.761965e-01,-7.006610e-01
1.593004e+00,-5.157943e+00,-3.471400e+00,-5.466376e-01,1.532279e+00,7.265013e-01,-2.314214e-01,-3.627551e-01,1.182955e+00,-1.079381e+00,-5.948428e-01
1.776329e+00,-5.228083e+00,-3.335970e+00,-4.648542e-01,1.437734e+00,7.636595e-01,-1.016791e-01,-6.102173e-01,1.365574e+00,-1.211415e+00,-5.479294e-01
1.462905e+00,-5.219986e+00,-3.466669e+00,-6.157251e-01,1.312753e+00,6.373738e-01,-2.922707e-01,-4.376100e-01,1.066993e+00,-9.371248e-01,-6.759182e-01
1.735299e+00,-4.981058e+00,-3.190646e+00,-6.581816e-01,1.696395e+00,4.850734e-01,-1.083126e-01,-4.986620e-01,9.967036e-01,-9.331322e-01,-8.432771e-01
1.673420e+00,-5.122245e+00,-3.211195e+00,-7.454983e-01,1.731561e+00,5.028028e-01,-1.422378e-01,-3.718877e-01,1.050332e+00,-8.949657e-01,-7.511986e-01
1.744607e+00,-4.961025e+00,-3.078110e+00,-6.345604e-01,1.650417e+00,5.930237e-01,-1.465034e-01,-4.040061e-01,1.059321e+00,-8.860924e-01,-6.929523e-01
1.571655e+00,-5.133393e+00,-3.306263e+00,-7.177331e-01,1.658004e+00,6.095696e-01,-2.496672e-01,-3.864801e-01,1.139058e+00,-1.070985e+00,-6.734058e-01
1.670202e+00,-5.098145e+00,-3.397925e+00,-3.669439e-01,1.395558e+00,7.620931e-01,-1.215251e-01,-4.464892e-01,1.146471e+00,-9.734555e-01,-6.064633e-01
1.538308e+00,-5.110515e+00,-3.448455e+00,-4.631844e-01,1.403762e+00,8.416481e-01,-3.417651e-01,-3.616565e-01,1.057302e+00,-1.065350e+00,-6.475875e-01
1.254798e+00,-5.253792e+00,-3.415193e+00,-7.467647e-01,1.690123e+00,6.749314e-01,-2.080265e-01,-3.076310e-01,1.089218e+00,-1.002857e+00,-6.876222e-01
1.399105e+00,-5.069271e+00,-3.316225e+00,-6.193183e-01,1.699816e+00,7.627023e-01,-1.894232e-01,-2.465006e-01,1.022224e+00,-8.162999e-01,-7.365320e-01
1.318501e+00,-5.123173e+00,-3.444425e+00,-5.619418e-01,1.651090e+00,6.837250e-01,-1.314970e-01,-2.420369e-01,9.379194e-01,-7.539633e-01,-7.652041e-01
1.432014e+00,-5.236626e+00,-3.317676e+00,-7.169069e-01,1.724451e+00,6.906210e-01,-1.110967e-01,-3.029010e-01,1.124931e+00,-8.568304e-01,-6.114375e-01
1.635503e+00,-5.107225e+00,-3.245204e+00,-6.285436e-01,1.649223e+00,6.897746e-01,-2.220734e-01,-3.737030e-01,1.163549e+00,-1.092952e+00,-6.580820e-01
1.812659e+00,-5.178884e+00,-3.361831e+00,-3.422379e-01,1.292497e+00,9.116607e-01,-1.991336e-01,-4.694260e-01,1.327771e+00,-1.112587e+00,-4.518115e-01
1.703609e+00,-5.097165e+00,-3.420345e+00,-5.258100e-01,1.546715e+00,6.402712e-01,-1.714925e-01,-3.886980e-01,1.176123e+00,-9.780566e-01,-6.716955e-01
1.846332e+00,-4.889842e+00,-3.019508e+00,-5.345665e-01,1.718261e+00,6.072595e-01,-2.498382e-02,-4.100683e-01,1.119947e+00,-8.621690e-01,-6.854096e-01
1.381472e+00,-5.071266e+00,-3.304310e+00,-7.958727e-01,1.652894e+00,5.627439e-01,-3.206141e-01,-3.410172e-01,9.794116e-01,-1.010038e+00,-8.092368e-01
1.637810e+00,-4.956116e+00,-3.153942e+00,-6.277232e-01,1.654052e+00,5.367713e-01,-1.570749e-01,-3.916753e-01,9.587885e-01,-8.936314e-01,-7.476627e-01
1.528792e+00,-5.180595e+00,-3.379753e+00,-6.858982e-01,1.549415e+00,5.547201e-01,-2.341932e-01,-3.852420e-01,9.820009e-01,-9.001798e-01,-6.970826e-01
1.677938e+00,-5.100343e+00,-3.246265e+00,-4.216608e-01,1.571790e+00,8.435535e-01,-1.401179e-01,-3.656139e-01,1.178289e+00,-1.069169e+00,-6.051651e-01
1.809597e+00,-5.216862e+00,-3.233038e+00,-4.850720e-01,1.510822e+00,9.047054e-01,-2.160550e-01,-4.178510e-01,1.335674e+00,-1.194086e+00,-4.035525e-01
1.287631e+00,-5.395294e+00,-3.648285e+00,-6.942431e-01,1.441920e+00,6.816474e-01,-3.098061e-01,-3.677276e-01,1.092950e+00,-1.017685e+00,-6.400362e-01
1.278113e+00,-5.217632e+00,-3.541397e+00,-6.495842e-01,1.532712e+00,6.083328e-01,-1.583521e-01,-4.224110e-01,9.156050e-01,-8.082306e-01,-8.583181e-01
1.470135e+00,-5.183596e+00,-3.260017e+00,-8.378982e-01,1.774858e+00,4.980821e-01,-2.130222e-01,-4.326846e-01,9.885793e-01,-1.024547e+00,-8.070389e-01
1.228859e+00,-5.314815e+00,-3.407365e+00,-8.495228e-01,1.611112e+00,5.226922e-01,-1.522940e-01,-4.848041e-01,9.939016e-01,-9.567987e-01,-8.222180e-01
1.443477e+00,-5.063882e+00,-3.452766e+00,-6.374278e-01,1.537742e+00,5.999748e-01,-2.562700e-01,-3.737894e-01,9.992346e-01,-8.658815e-01,-8.121219e-01
1.823045e+00,-5.052426e+00,-3.322244e+00,-3.949712e-01,1.390159e+00,6.974490e-01,-1.142179e-01,-5.190730e-01,1.202072e+00,-1.020384e+00,-5.594682e-01
1.524897e+00,-5.297365e+00,-3.486859e+00,-7.550881e-01,1.430887e+00,5.941887e-01,-3.100262e-01,-5.037411e-01,1.257876e+00,-1.156083e+00,-6.133258e-01
1.788680e+00,-4.965625e+00,-3.077201e+00,-5.818930e-01,1.612480e+00,5.842459e-01,-1.533662e-01,-4.826729e-01,1.052076e+00,-1.044643e+00,-7.265832e-01
1.494928e+00,-4.910882e+00,-3.362461e+00,-6.305554e-01,1.637601e+00,5.834322e-01,-2.164087e-01,-3.289183e-01,9.854040e-01,-8.005776e-01,-8.116924e-01
1.527290e+00,-5.053054e+00,-3.301377e+00,-7.011954e-01,1.724966e+00,5.230725e-01,-1.430979e-01,-3.524931e-01,1.017567e+00,-8.776059e-01,-7.667825e-01
1.490579e+00,-5.137627e+00,-3.254360e+00,-7.170895e-01,1.608701e+00,5.772603e-01,-1.304734e-01,-4.800948e-01,1.024917e+00,-8.902448e-01,-7.796334e-01
1.364542e+00,-5.272414e+00,-3.458860e+00,-6.625730e-01,1.532657e+00,7.206269e-01,-2.502242e-01,-3.398866e-01,1.129980e+00,-9.976749e-01,-6.325404e-01
1.732920e+00,-5.272448e+00,-3.498166e+00,-3.973392e-01,1.415125e+00,8.417587e-01,-1.288005e-01,-5.424277e-01,1.319052e+00,-1.220093e+00,-5.557742e-01
1.652823e+00,-5.088199e+00,-3.386899e+00,-4.626210e-01,1.598033e+00,8.344972e-01,-2.301036e-01,-2.971875e-01,1.143676e+00,-1.001648e+00,-6.422097e-01
1.178708e+00,-5.292623e+00,-3.427817e+00,-7.140994e-01,1.649542e+00,7.109978e-01,-7.131349e-02,-3.123619e-01,1.106275e+00,-7.899626e-01,-6.839799e-01
1.471618e+00,-5.039491e+00,-3.260776e+00,-6.744889e-01,1.793314e+00,6.607761e-01,-1.240844e-01,-2.692751e-01,1.061897e+00,-8.126217e-01,-7.649755e-01
1.559148e+00,-5.094590e+00,-3.262647e+00,-6.200290e-01,1.680749e+00,5.792536e-01,-7.602047e-02,-3.569519e-01,9.586737e-01,-8.258525e-01,-7.452156e-01
1.475907e+00,-5.120086e+00,-3.323458e+00,-7.313097e-01,1.597876e+00,6.341718e-01,-3.493159e-01,-3.014134e-01,9.771290e-01,-9.845089e-01,-6.680909e-01
1.820242e+00,-4.951175e+00,-3.166449e+00,-4.751915e-01,1.551693e+00,7.283601e-01,-2.002670e-01,-4.029059e-01,1.206957e+00,-1.079488e+00,-6.116800e-01
1.728350e+00,-5.088749e+00,-3.392399e+00,-4.059157e-01,1.273946e+00,8.356598e-01,-2.999803e-01,-4.459288e-01,1.230801e+00,-1.105593e+00,-5.718456e-01
1.730848e+00,-4.861068e+00,-3.269012e+00,-3.938066e-01,1.592319e+00,7.134975e-01,-1.439003e-01,-2.960723e-01,1.075271e+00,-8.693072e-01,-7.047476e-01
1.527399e+00,-5.074233e+00,-3.246842e+00,-6.798347e-01,1.651486e+00,6.169754e-01,-9.121537e-02,-3.122520e-01,1.125506e+00,-7.559052e-01,-6.101250e-01
1.342141e+00,-4.976418e+00,-3.449938e+00,-7.028711e-01,1.663912e+00,6.961353e-01,-4.456261e-01,-2.173442e-01,9.456603e-01,-1.029148e+00,-9.182127e-01
1.322735e+00,-5.152307e+00,-3.365900e+00,-6.499414e-01,1.563289e+00,6.815643e-01,-1.557810e-01,-2.991726e-01,9.885615e-01,-7.523369e-01,-6.942796e-01
1.540977e+00,-5.102515e+00,-3.262607e+00,-6.777597e-01,1.806196e+00,6.070980e-01,-1.234558e-01,-3.177072e-01,1.075978e+00,-9.309767e-01,-6.228188e-01
1.229076e+00,-5.431450e+00,-3.689506e+00,-5.841381e-01,1.270753e+00,8.231440e-01,-3.397303e-01,-4.035680e-01,1.136565e+00,-1.122733e+00,-5.512112e-01
1.655412e+00,-5.175227e+00,-3.255816e+00,-5.192112e-01,1.594092e+00,8.402259e-01,-1.439576e-01,-3.652817e-01,1.316748e+00,-1.039367e+00,-4.234015e-01
1.157674e+00,-5.453272e+00,-3.557574e+00,-9.274258e-01,1.462809e+00,4.392666e-01,-3.905402e-01,-5.259386e-01,8.249741e-01,-1.175426e+00,-8.611280e-01
1.443960e+00,-4.968336e+00,-3.381326e+00,-5.335796e-01,1.699646e+00,6.892263e-01,-1.354205e-01,-2.901142e-01,9.852778e-01,-8.001683e-01,-7.851731e-01
1.596234e+00,-4.994786e+00,-3.138813e+00,-6.015033e-01,1.747950e+00,6.529362e-01,-9.754556e-02,-2.658687e-01,1.049976e+00,-8.267767e-01,-6.864761e-01
1.576123e+00,-5.012730e+00,-3.192135e+00,-6.757781e-01,1.697809e+00,6.424200e-01,-1.797462e-01,-3.448556e-01,1.086093e+00,-9.075413e-01,-7.066878e-01
1.674517e+00,-4.844431e+00,-3.288580e+00,-5.340064e-01,1.664043e+00,6.936858e-01,-2.777973e-01,-2.510886e-01,1.137154e+00,-9.909405e-01,-6.668318e-01
1.973078e+00,-5.151493e+00,-3.180991e+00,-4.431229e-01,1.406078e+00,7.764371e-01,-1.642110e-01,-4.872657e-01,1.263267e+00,-1.142572e+00,-4.159133e-01
1.786084e+00,-5.095960e+00,-3.218195e+00,-5.972338e-01,1.610190e+00,6.712922e-01,-2.250580e-01,-4.134522e-01,1.186653e+00,-1.126783e+00,-6.375432e-01
1.477264e+00,-5.046344e+00,-3.195806e+00,-7.289725e-01,1.687504e+00,6.217911e-01,-1.673849e-01,-3.467980e-01,1.053108e+00,-9.149076e-01,-6.847573e-01
1.593559e+00,-5.044347e+00,-3.178518e+00,-7.402705e-01,1.874847e+00,6.198881e-01,-1.495153e-01,-2.184343e-01,1.061553e+00,-8.253356e-01,-6.693344e-01
1.246738e+00,-5.159494e+00,-3.452537e+00,-6.226319e-01,1.598752e+00,7.347555e-01,-1.918768e-01,-2.090296e-01,9.291344e-01,-7.499006e-01,-7.355827e-01
1.570684e+00,-5.104612e+00,-3.360645e+00,-6.459640e-01,1.684043e+00,7.425573e-01,-2.703617e-01,-2.903572e-01,1.128806e+00,-9.466755e-01,-6.713589e-01
1.468338e+00,-5.126362e+00,-3.374489e+00,-3.975912e-01,1.615453e+00,9.683038e-01,-5.358129e-02,-2.065778e-01,1.261550e+00,-8.613168e-01,-5.819609e-01
1.602709e+00,-5.239802e+00,-3.508068e+00,-4.370074e-01,1.389997e+00,8.624053e-01,-2.221020e-01,-4.297291e-01,1.216410e+00,-1.090343e+00,-5.688548e-01
1.465562e+00,-5.158650e+00,-3.441177e+00,-6.626099e-01,1.599182e+00,6.292370e-01,-2.472939e-01,-3.464258e-01,1.038992e+00,-9.593739e-01,-7.386679e-01
1.544145e+00,-5.193582e+00,-3.166844e+00,-7.577574e-01,1.689070e+00,5.726355e-01,-1.054563e-01,-4.648167e-01,1.035925e+00,-8.963303e-01,-7.164941e-01
1.454867e+00,-5.134132e+00,-3.259728e+00,-8.010018e-01,1.654192e+00,5.181745e-01,-2.293895e-01,-3.647430e-01,9.981140e-01,-9.047327e-01,-7.195376e-01
1.671392e+00,-4.948703e+00,-3.170717e+00,-6.902092e-01,1.771377e+00,5.265855e-01,-1.128160e-01,-3.432754e-01,1.035051e+00,-8.693140e-01,-6.533335e-01
1.722987e+00,-4.963607e+00,-3.246691e+00,-5.476796e-01,1.610118e+00,6.303364e-01,-1.973474e-01,-4.027721e-01,1.058632e+00,-9.857279e-01,-7.757172e-01
1.580504e+00,-5.074791e+00,-3.342538e+00,-4.824712e-01,1.293314e+00,7.728834e-01,-2.441298e-01,-4.274511e-01,1.179160e+00,-9.743801e-01,-5.196305e-01
1.751073e+00,-4.937603e+00,-3.293801e+00,-3.742961e-01,1.472922e+00,8.558509e-01,-2.561889e-01,-3.606272e-01,1.163164e+00,-1.039479e+00,-6.641273e-01
1.538542e+00,-5.052833e+00,-3.424836e+00,-5.003940e-01,1.592947e+00,6.947763e-01,-1.261456e-01,-3.260369e-01,1.076550e+00,-8.716331e-01,-7.095304e-01
1.568388e+00,-5.020001e+00,-3.185506e+00,-6.335070e-01,1.729289e+00,6.776988e-01,-1.650667e-01,-2.924730e-01,9.964991e-01,-8.359176e-01,-7.148293e-01
1.073871e+00,-5.280663e+00,-3.550872e+00,-7.542784e-01,1.583683e+00,7.144532e-01,-2.540531e-01,-2.107188e-01,1.020238e+00,-8.020437e-01,-7.422951e-01
1.364763e+00,-5.290223e+00,-3.333485e+00,-8.100694e-01,1.637714e+00,5.699444e-01,-2.939536e-01,-4.673240e-01,8.557662e-01,-1.093960e+00,-8.355622e-01
1.357622e+00,-5.295640e+00,-3.458876e+00,-7.113325e-01,1.545143e+00,5.762767e-01,-2.592741e-01,-3.920794e-01,9.352341e-01,-9.993501e-01,-7.068816e-01
1.525727e+00,-5.314875e+00,-3.487207e+00,-4.409307e-01,1.259112e+00,9.681169e-01,-3.298414e-01,-3.956758e-01,1.230565e+00,-1.169494e+00,-3.873155e-01
1.396321e+00,-5.260977e+00,-3.367641e+00,-7.794388e-01,1.525356e+00,6.086772e-01,-3.413527e-01,-4.208871e-01,1.083652e+00,-1.134294e+00,-6.128014e-01
1.575515e+00,-5.072654e+00,-3.120009e+00,-7.563220e-01,1.689904e+00,5.081017e-01,-1.544414e-01,-4.757813e-01,9.529052e-01,-9.764888e-01,-7.200814e-01
1.336832e+00,-5.078433e+00,-3.442131e+00,-7.368455e-01,1.604063e+00,4.426355e-01,-2.239933e-01,-3.933021e-01,9.013144e-01,-8.623553e-01,-8.424136e-01
1.566022e+00,-4.803057e+00,-3.121493e+00,-6.506429e-01,1.727013e+00,5.530606e-01,-2.094215e-01,-3.330138e-01,9.273767e-01,-9.125464e-01,-7.996314e-01
1.477242e+00,-4.977759e+00,-3.323096e+00,-6.377304e-01,1.568932e+00,6.328513e-01,-2.930697e-01,-3.452030e-01,1.017762e+00,-9.340584e-01,-8.049048e-01
1.368922e+00,-5.381180e+00,-3.543251e+00,-8.696592e-01,1.248032e+00,3.479665e-01,-4.680904e-01,-7.378058e-01,8.715210e-01,-1.371815e+00,-8.707048e-01
1.865068e+00,-5.038273e+00,-3.320360e+00,-4.206775e-01,1.438115e+00,7.759954e-01,-2.919454e-01,-4.484211e-01,1.186665e+00,-1.204338e+00,-5.390565e-01
1.304039e+00,-5.194501e+00,-3.379364e+00,-7.166989e-01,1.653570e+00,6.994186e-01,-2.317274e-01,-2.642552e-01,1.128711e+00,-9.737185e-01,-5.771053e-01
1.363998e+00,-4.977143e+00,-3.223471e+00,-5.844518e-01,1.679226e+00,7.981951e-01,-1.945533e-01,-2.192526e-01,9.694236e-01,-7.774043e-01,-6.994402e-01
1.255223e+00,-5.037368e+00,-3.519611e+00,-6.450768e-01,1.697229e+00,7.353025e-01,-3.109222e-01,-1.251687e-01,9.982603e-01,-8.389948e-01,-7.419777e-01
1.190564e+00,-5.268302e+00,-3.375462e+00,-6.751109e-01,1.721254e+00,7.541713e-01,-2.809914e-03,-2.081589e-01,1.040253e+00,-6.887497e-01,-6.370798e-01
1.511771e+00,-5.077266e+00,-3.244518e+00,-5.993349e-01,1.737007e+00,7.387476e-01,-1.337411e-01,-2.872498e-01,1.155419e+00,-9.257934e-01,-6.084232e-01
1.448181e+00,-5.380096e+00,-3.510715e+00,-6.023276e-01,1.249183e+00,7.274055e-01,-2.956707e-01,-5.439919e-01,1.171773e+00,-1.141333e+00,-4.897466e-01
1.589678e+00,-5.230914e+00,-3.461712e+00,-6.188234e-01,1.485062e+00,6.960407e-01,-2.973625e-01,-3.878890e-01,1.196376e+00,-1.115967e+00,-5.777116e-01
1.758906e+00,-4.918197e+00,-3.118301e+00,-4.754351e-01,1.585859e+00,7.046983e-01,-1.387447e-01,-3.190006e-01,1.005498e+00,-8.333141e-01,-6.246858e-01
1.351513e+00,-5.002203e+00,-3.338105e+00,-8.214099e-01,1.758089e+00,5.112473e-01,-2.304501e-01,-3.339539e-01,1.061412e+00,-9.237204e-01,-7.945414e-01
1.558583e+00,-5.009902e+00,-3.165365e+00,-8.294336e-01,1.729588e+00,4.518528e-01,-2.501102e-01,-3.600271e-01,1.013792e+00,-9.441448e-01,-6.702165e-01
1.625087e+00,-4.862424e+00,-3.221435e+00,-5.037985e-01,1.627245e+00,6.527774e-01,-1.359187e-01,-3.356381e-01,9.578097e-01,-8.204375e-01,-7.916921e-01
1.471502e+00,-5.070275e+00,-3.401685e+00,-6.435125e-01,1.583740e+00,6.834537e-01,-2.975820e-01,-2.888871e-01,1.107555e+00,-9.912940e-01,-6.061509e-01
1.786995e+00,-4.979132e+00,-3.382599e+00,-2.560646e-01,1.252229e+00,9.934110e-01,-3.000084e-01,-4.776162e-01,1.220163e+00,-1.141527e+00,-6.153905e-01
1.242434e+00,-5.352390e+00,-3.584944e+00,-7.694073e-01,1.407455e+00,6.007666e-01,-3.235492e-01,-4.310549e-01,1.065896e+00,-9.404772e-01,-6.789223e-01
1.162626e+00,-5.276423e+00,-3.662678e+00,-7.478247e-01,1.423511e+00,5.200651e-01,-3.439873e-01,-5.272645e-01,7.801503e-01,-1.039582e+00,-9.535464e-01
1.274818e+00,-5.199048e+00,-3.539651e+00,-7.655398e-01,1.663352e+00,5.691805e-01,-2.638858e-01,-3.551829e-01,1.001909e+00,-9.454588e-01,-8.024904e-01
1.071526e+00,-5.231813e+00,-3.430852e+00,-7.616300e-01,1.612390e+00,6.435319e-01,-1.542484e-01,-3.502585e-01,9.484895e-01,-8.638440e-01,-7.991170e-01
1.370546e+00,-5.194862e+00,-3.403571e+00,-6.980601e-01,1.637867e+00,7.342906e-01,-2.502388e-01,-2.217145e-01,1.079900e+00,-8.632862e-01,-6.292065e-01
1.706970e+00,-4.945452e+00,-3.381447e+00,-4.406686e-01,1.533955e+00,6.670108e-01,-1.723931e-01,-4.528299e-01,1.117781e+00,-1.027109e+00,-6.839086e-01
1.531946e+00,-5.191290e+00,-3.436634e+00,-5.117128e-01,1.374664e+00,8.151118e-01,-2.707813e-01,-4.090235e-01,1.195721e+00,-1.124063e+00,-5.666284e-01
1.705296e+00,-4.893692e+00,-3.143260e+00,-5.525819e-01,1.648739e+00,6.549923e-01,-1.600983e-01,-3.901540e-01,1.140382e+00,-9.603956e-01,-6.950946e-01
1.352161e+00,-4.988451e+00,-3.378461e+00,-7.328405e-01,1.533890e+00,5.783294e-01,-3.455282e-01,-3.022852e-01,9.075377e-01,-8.761452e-01,-7.506429e-01
1.697011e+00,-4.962517e+00,-3.226664e+00,-6.171637e-01,1.751537e+00,5.640294e-01,-1.593911e-01,-3.280543e-01,9.886037e-01,-9.087835e-01,-7.902857e-01
1.551957e+00,-5.011610e+00,-3.248115e+00,-6.333145e-01,1.502459e+00,5.834490e-01,-2.474882e-01,-4.523988e-01,8.901629e-01,-9.392665e-01,-8.277175e-01
1.204626e+00,-5.262821e+00,-3.550118e+00,-8.617063e-01,1.499539e+00,4.737826e-01,-3.253000e-01,-4.463011e-01,1.078914e+00,-1.003607e+00,-6.826444e-01
1.630801e+00,-5.141309e+00,-3.350295e+00,-4.021608e-01,1.403702e+00,8.847134e-01,-2.282395e-01,-3.913353e-01,1.124316e+00,-1.076146e+00,-5.544225e-01
1.554967e+00,-5.177855e+00,-3.378691e+00,-5.641208e-01,1.570855e+00,6.885152e-01,-1.971083e-01,-4.012957e-01,1.093639e+00,-1.046469e+00,-6.239325e-01
1.336059e+00,-5.186182e+00,-3.296614e+00,-7.031709e-01,1.824610e+00,7.384939e-01,-7.498664e-02,-2.188843e-01,1.178167e+00,-9.104678e-01,-5.856372e-01
1.283569e+00,-5.239739e+00,-3.279573e+00,-8.206919e-01,1.772406e+00,5.878321e-01,-1.442535e-01,-3.601733e-01,1.042450e+00,-9.184416e-01,-6.635800e-01
1.399388e+00,-4.984386e+00,-3.293648e+00,-5.592781e-01,1.740258e+00,6.549643e-01,-5.606926e-02,-2.999318e-01,9.769935e-01,-7.458801e-01,-7.912708e-01
1.359703e+00,-5.124208e+00,-3.414020e+00,-6.982072e-01,1.748519e+00,5.518020e-01,-9.627077e-02,-4.211014e-01,1.026783e+00,-9.673119e-01,-8.243197e-01
1.568075e+00,-4.841505e+00,-3.282832e+00,-5.255554e-01,1.631402e+00,7.859850e-01,-3.552324e-01,-1.856087e-01,1.067479e+00,-9.321830e-01,-6.393715e-01
1.499288e+00,-5.203813e+00,-3.395639e+00,-5.259390e-01,1.234638e+00,8.517037e-01,-3.547306e-01,-4.129625e-01,1.177502e+00,-1.130367e+00,-4.504797e-01
1.720510e+00,-4.940588e+00,-3.196305e+00,-6.115898e-01,1.638105e+00,6.441650e-01,-3.922325e-01,-3.262701e-01,9.549474e-01,-1.142600e+00,-7.135443e-01
1.564528e+00,-5.012130e+00,-3.282985e+00,-5.998224e-01,1.485269e+00,5.537387e-01,-1.505725e-01,-4.613875e-01,9.521035e-01,-8.335050e-01,-7.706445e-01
1.514195e+00,-4.966940e+00,-3.216647e+00,-7.147735e-01,1.711936e+00,6.171404e-01,-3.020692e-01,-2.723003e-01,9.853304e-01,-8.968635e-01,-7.914913e-01
1.346087e+00,-4.986610e+00,-3.323226e+00,-6.652510e-01,1.537558e+00,6.351624e-01,-3.266832e-01,-3.265664e-01,8.719504e-01,-9.223917e-01,-7.726573e-01
1.722602e+00,-4.777440e+00,-3.223217e+00,-4.256354e-01,1.801571e+00,8.183835e-01,-1.988256e-01,-1.358702e-01,1.089717e+00,-8.492661e-01,-6.632446e-01
1.481601e+00,-5.217347e+00,-3.274402e+00,-5.093378e-01,1.630790e+00,8.287925e-01,-5.138420e-02,-3.040366e-01,1.151976e+00,-9.670189e-01,-5.633862e-01
1.729741e+00,-5.196741e+00,-3.352672e+00,-3.359418e-01,1.413673e+00,9.987555e-01,-1.964499e-01,-3.682620e-01,1.313180e+00,-1.110569e+00,-4.740477e-01
1.177482e+00,-5.222763e+00,-3.606348e+00,-6.430351e-01,1.512376e+00,7.197880e-01,-2.257397e-01,-3.062510e-01,1.110868e+00,-8.825159e-01,-6.897096e-01
1.237283e+00,-5.388147e+00,-3.456193e+00,-7.957316e-01,1.651340e+00,5.629642e-01,-5.111655e-02,-3.587324e-01,1.048337e+00,-7.851201e-01,-6.312834e-01
1.379981e+00,-4.980575e+00,-3.327878e+00,-6.193026e-01,1.711848e+00,6.153275e-01,-1.329027e-01,-2.930351e-01,9.597359e-01,-7.702833e-01,-8.219768e-01
1.457834e+00,-5.031178e+00,-3.211683e+00,-6.657936e-01,1.733122e+00,6.663438e-01,-6.022471e-02,-3.612103e-01,1.122094e+00,-8.427536e-01,-6.700435e-01
1.693913e+00,-4.899526e+00,-3.192261e+00,-5.403150e-01,1.720790e+00,7.140232e-01,-1.914907e-01,-3.196672e-01,1.113083e+00,-9.601945e-01,-7.511994e-01
1.656845e+00,-5.172258e+00,-3.454663e+00,-5.527156e-01,1.308780e+00,6.040840e-01,-1.935184e-01,-5.474355e-01,1.128779e+00,-1.007615e+00,-6.393964e-01
1.763278e+00,-4.943272e+00,-3.302445e+00,-4.348177e-01,1.518121e+00,7.494369e-01,-2.072183e-01,-4.145240e-01,1.230220e+00,-1.089732e+00,-6.184758e-01
1.527041e+00,-4.965179e+00,-3.178069e+00,-5.956688e-01,1.626948e+00,6.486661e-01,-9.928933e-02,-3.675096e-01,1.057351e+00,-8.677474e-01,-7.449394e-01
1.583725e+00,-4.951381e+00,-3.194043e+00,-7.113530e-01,1.731752e+00,5.177734e-01,-1.796937e-01,-3.617874e-01,1.017977e+00,-8.568685e-01,-7.214006e-01
1.254419e+00,-5.207530e+00,-3.578944e+00,-8.699126e-01,1.600675e+00,3.958337e-01,-3.421597e-01,-4.353353e-01,8.379267e-01,-9.997654e-01,-9.362732e-01
1.408286e+00,-4.906999e+00,-3.325140e+00,-4.938040e-01,1.619079e+00,7.454660e-01,-1.165025e-01,-2.848724e-01,1.013711e+00,-7.148738e-01,-7.678908e-01
1.465910e+00,-5.119863e+00,-3.304755e+00,-4.866134e-01,1.627971e+00,8.094431e-01,-9.085933e-02,-3.656451e-01,1.164056e+00,-9.665149e-01,-6.366285e-01
1.448628e+00,-5.240212e+00,-3.528517e+00,-4.078522e-01,1.360092e+00,9.482998e-01,-1.935963e-01,-4.133307e-01,1.266334e+00,-1.075450e+00,-4.778070e-01
1.392684e+00,-5.074979e+00,-3.544957e+00,-5.644618e-01,1.573601e+00,6.991857e-01,-2.577540e-01,-2.987536e-01,1.051684e+00,-9.048393e-01,-6.979457e-01
1.368815e+00,-5.058582e+00,-3.275879e+00,-5.493372e-01,1.680588e+00,8.449625e-01,-9.262818e-02,-2.280790e-01,1.026395e+00,-8.180973e-01,-7.093735e-01
1.481466e+00,-4.917394e+00,-3.166830e+00,-7.191252e-01,1.956685e+00,6.784609e-01,-1.695383e-01,-1.853322e-01,1.127453e+00,-9.282013e-01,-6.660748e-01
1.548926e+00,-4.888079e+00,-3.197416e+00,-6.192210e-01,1.712212e+00,5.912726e-01,-1.174624e-01,-3.087689e-01,9.893216e-01,-7.606423e-01,-7.024531e-01
1.478346e+00,-5.012634e+00,-3.317425e+00,-6.424829e-01,1.658876e+00,6.051677e-01,-1.749901e-01,-2.643800e-01,1.085816e+00,-8.286226e-01,-5.899165e-01
1.569903e+00,-5.068305e+00,-3.208513e+00,-6.450582e-01,1.517565e+00,6.895420e-01,-3.248371e-01,-3.505130e-01,1.062293e+00,-1.128779e+00,-5.820901e-01
1.768451e+00,-4.941933e+00,-3.186478e+00,-4.369106e-01,1.431336e+00,9.164090e-01,-4.106835e-01,-2.674864e-01,1.149143e+00,-1.168137e+00,-5.136982e-01
1.526833e+00,-5.127958e+00,-3.346202e+00,-6.385481e-01,1.603738e+00,6.017064e-01,-1.575819e-01,-3.466178e-01,1.111604e+00,-9.113948e-01,-6.306127e-01
1.570355e+00,-4.818625e+00,-3.269802e+00,-5.140501e-01,1.647970e+00,6.701171e-01,-1.966355e-01,-2.822222e-01,9.665746e-01,-8.072336e-01,-7.182620e-01
1.425755e+00,-5.074928e+00,-3.230493e+00,-7.606896e-01,1.871979e+00,6.261776e-01,-1.826147e-01,-2.785569e-01,1.073317e+00,-9.798059e-01,-7.358895e-01
1.276481e+00,-5.236625e+00,-3.342685e+00,-7.234931e-01,1.609320e+00,6.588039e-01,-9.876412e-02,-3.480179e-01,1.041390e+00,-7.801656e-01,-6.363079e-01
1.473467e+00,-5.158745e+00,-3.386741e+00,-6.228346e-01,1.743628e+00,6.655207e-01,-9.871993e-02,-2.942960e-01,1.118277e+00,-9.021898e-01,-7.031692e-01
1.453395e+00,-5.205136e+00,-3.449140e+00,-4.418968e-01,1.518646e+00,9.526428e-01,-1.162065e-01,-2.978973e-01,1.290923e+00,-9.912046e-01,-4.301808e-01
1.252682e+00,-5.500841e+00,-3.521776e+00,-8.269537e-01,1.426264e+00,6.161375e-01,-2.534931e-01,-4.832514e-01,1.221988e+00,-1.062606e+00,-5.008582e-01
1.462654e+00,-4.941483e+00,-3.245387e+00,-4.915319e-01,1.590148e+00,8.171076e-01,-2.087259e-01,-2.440007e-01,1.011096e+00,-8.501642e-01,-6.109023e-01
1.340151e+00,-5.033215e+00,-3.366406e+00,-6.893252e-01,1.712249e+00,5.959416e-01,-2.341663e-01,-2.445416e-01,9.097362e-01,-8.535442e-01,-7.804130e-01
1.336364e+00,-4.979205e+00,-3.330258e+00,-7.530640e-01,1.552948e+00,4.789787e-01,-3.907548e-01,-4.038827e-01,7.363303e-01,-9.731157e-01,-9.400303e-01
1.502573e+00,-5.051888e+00,-3.212038e+00,-7.205413e-01,1.621733e+00,5.603043e-01,-1.770167e-01,-3.950659e-01,1.090912e+00,-9.179253e-01,-6.305808e-01
1.359343e+00,-5.121079e+00,-3.344267e+00,-7.285950e-01,1.522649e+00,6.209197e-01,-3.588089e-01,-3.232117e-01,9.332079e-01,-1.038932e+00,-8.104230e-01
1.848037e+00,-4.923877e+00,-3.278146e+00,-2.913910e-01,1.307884e+00,8.414067e-01,-2.317983e-01,-4.209012e-01,1.181182e+00,-1.070867e+00,-4.384150e-01
1.517009e+00,-5.095086e+00,-3.468883e+00,-5.693684e-01,1.515177e+00,6.930596e-01,-2.977531e-01,-3.651556e-01,1.099550e+00,-1.070323e+00,-7.409085e-01
1.528713e+00,-4.862538e+00,-3.231296e+00,-5.299075e-01,1.657791e+00,7.902394e-01,-2.068917e-01,-2.811268e-01,1.045034e+00,-8.739846e-01,-7.269541e-01
1.341599e+00,-5.078290e+00,-3.299465e+00,-6.825497e-01,1.756385e+00,6.483511e-01,-1.196493e-01,-2.626112e-01,1.017599e+00,-7.999705e-01,-7.493779e-01
1.139111e+00,-5.201983e+00,-3.421029e+00,-7.433700e-01,1.735164e+00,6.065268e-01,-3.587735e-02,-2.600112e-01,9.665375e-01,-6.459820e-01,-6.483483e-01
1.134117e+00,-5.244431e+00,-3.523724e+00,-7.610645e-01,1.548242e+00,6.397956e-01,-2.995345e-01,-3.007010e-01,9.355062e-01,-8.650682e-01,-7.502107e-01
1.578580e+00,-5.186863e+00,-3.241211e+00,-5.236079e-01,1.613081e+00,8.237812e-01,-5.109496e-02,-3.769665e-01,1.257198e+00,-9.426638e-01,-5.341959e-01
1.418143e+00,-5.166052e+00,-3.608569e+00,-3.998684e-01,1.313738e+00,8.853720e-01,-2.880645e-01,-3.877851e-01,1.183830e+00,-1.079552e+00,-5.959890e-01
1.663961e+00,-4.918787e+00,-3.273810e+00,-3.712250e-01,1.522256e+00,7.699761e-01,-1.768882e-01,-2.977507e-01,9.381920e-01,-8.049768e-01,-7.176845e-01
1.293801e+00,-5.079329e+00,-3.350500e+00,-7.608354e-01,1.629522e+00,5.720595e-01,-2.146079e-01,-3.436091e-01,9.580468e-01,-8.969215e-01,-8.034255e-01
1.411834e+00,-4.974117e+00,-3.321754e+00,-6.948900e-01,1.587646e+00,5.954972e-01,-3.287741e-01,-3.091458e-01,9.073034e-01,-8.778416e-01,-8.583208e-01
1.473967e+00,-4.908306e+00,-3.295217e+00,-6.579910e-01,1.576552e+00,5.756218e-01,-2.389561e-01,-3.380489e-01,9.223734e-01,-8.094347e-01,-8.039657e-01
1.488253e+00,-4.922354e+00,-3.521699e+00,-6.036513e-01,1.559288e+00,5.990802e-01,-3.516751e-01,-3.155678e-01,1.003350e+00,-9.523480e-01,-8.594867e-01
1.759412e+00,-4.956748e+00,-3.193096e+00,-4.421528e-01,1.409270e+00,8.362732e-01,-2.772587e-01,-4.257631e-01,1.159459e+00,-1.118114e+00,-5.119856e-01
1.384201e+00,-5.282717e+00,-3.566607e+00,-7.258928e-01,1.320439e+00,6.727244e-01,-4.647109e-01,-3.985745e-01,1.128139e+00,-1.100123e+00,-5.678561e-01
1.211945e+00,-5.126679e+00,-3.428295e+00,-7.264167e-01,1.576115e+00,6.509216e-01,-3.224048e-01,-2.832670e-01,8.399442e-01,-8.808542e-01,-7.854750e-01
1.296690e+00,-5.215184e+00,-3.530032e+00,-7.006704e-01,1.507573e+00,5.076930e-01,-2.094306e-01,-4.526062e-01,8.743426e-01,-8.716099e-01,-8.825125e-01
1.366556e+00,-5.254418e+00,-3.322633e+00,-7.976293e-01,1.712764e+00,6.473663e-01,-2.233035e-01,-2.867225e-01,1.040118e+00,-8.677727e-01,-6.243652e-01
1.201892e+00,-5.202915e+00,-3.368642e+00,-7.105231e-01,1.742550e+00,7.125986e-01,-1.273605e-01,-2.515124e-01,1.046516e+00,-8.698254e-01,-7.129827e-01
1.552058e+00,-4.946926e+00,-3.279804e+00,-5.211973e-01,1.689184e+00,6.778737e-01,-1.942113e-01,-3.396670e-01,9.709964e-01,-9.562305e-01,-7.313850e-01
1.260069e+00,-5.321092e+00,-3.689773e+00,-4.540212e-01,1.062907e+00,9.231590e-01,-4.556903e-01,-3.578776e-01,1.052719e+00,-1.062093e+00,-4.488596e-01
1.711584e+00,-5.119755e+00,-3.186376e+00,-5.787849e-01,1.555937e+00,7.977666e-01,-3.135681e-01,-2.851647e-01,1.126081e+00,-1.048921e+00,-5.165994e-01
1.475890e+00,-4.943739e+00,-3.121175e+00,-6.250936e-01,1.645142e+00,7.231764e-01,-1.671565e-01,-2.545222e-01,1.031563e+00,-7.966201e-01,-6.056542e-01
1.481134e+00,-4.786135e+00,-3.330086e+00,-4.757174e-01,1.669327e+00,6.499735e-01,-1.536374e-01,-2.515788e-01,9.595152e-01,-7.610499e-01,-8.762722e-01
1.484023e+00,-4.712475e+00,-3.214795e+00,-5.702245e-01,1.706865e+00,6.305891e-01,-1.957503e-01,-2.158216e-01,9.252493e-01,-7.137408e-01,-8.059677e-01
1.380249e+00,-4.846249e+00,-3.287255e+00,-5.786199e-01,1.620961e+00,7.665012e-01,-3.383800e-01,-1.649712e-01,1.005457e+00,-8.935883e-01,-7.124813e-01
1.468490e+00,-4.831825e+00,-3.315678e+00,-3.373076e-01,1.457378e+00,8.822027e-01,-2.080898e-01,-3.155626e-01,1.090425e+00,-9.012637e-01,-6.562211e-01
1.495172e+00,-5.155680e+00,-3.477082e+00,-5.965738e-01,1.394749e+00,7.295249e-01,-4.404456e-01,-3.491092e-01,1.033922e+00,-1.158503e+00,-5.447179e-01
1.222036e+00,-5.237151e+00,-3.497308e+00,-6.784417e-01,1.478960e+00,6.671937e-01,-3.070955e-01,-3.808017e-01,9.573216e-01,-9.966051e-01,-7.082955e-01
1.204506e+00,-5.213160e+00,-3.253637e+00,-7.464464e-01,1.763765e+00,6.847199e-01,-6.413191e-02,-2.917560e-01,1.025624e+00,-8.356505e-01,-7.193613e-01
1.373440e+00,-5.106736e+00,-3.383525e+00,-7.152874e-01,1.747205e+00,6.261108e-01,-2.275374e-01,-2.999943e-01,1.016724e+00,-9.342776e-01,-7.532018e-01
1.122233e+00,-5.140422e+00,-3.508088e+00,-6.493939e-01,1.614628e+00,6.585920e-01,-1.388804e-01,-2.646323e-01,9.253753e-01,-7.063061e-01,-7.025503e-01
1.304851e+00,-4.912253e+00,-3.401308e+00,-5.155832e-01,1.575363e+00,7.433083e-01,-2.788813e-01,-2.683755e-01,9.281689e-01,-8.768116e-01,-8.195611e-01
1.506549e+00,-5.141689e+00,-3.417884e+00,-4.871531e-01,1.375241e+00,9.018525e-01,-2.485416e-01,-3.164912e-01,1.294916e+00,-9.949020e-01,-4.175826e-01
1.676982e+00,-4.925012e+00,-3.284076e+00,-4.416686e-01,1.567578e+00,8.351986e-01,-2.519509e-01,-2.839458e-01,1.185311e+00,-9.970163e-01,-5.800327e-01
1.652373e+00,-4.826193e+00,-3.221940e+00,-4.247402e-01,1.611916e+00,7.376261e-01,-7.082968e-02,-2.296015e-01,1.038705e+00,-6.370589e-01,-6.708477e-01
1.665003e+00,-4.773756e+00,-3.246814e+00,-5.829471e-01,1.783217e+00,5.977265e-01,-1.928632e-01,-3.138678e-01,1.078908e+00,-8.998264e-01,-8.722291e-01
1.442237e+00,-4.863886e+00,-3.127294e+00,-7.009905e-01,1.744879e+00,6.191207e-01,-2.700158e-01,-2.569842e-01,9.001020e-01,-9.236185e-01,-7.747999e-01
1.330132e+00,-5.018881e+00,-3.321656e+00,-7.775528e-01,1.593762e+00,4.603869e-01,-2.408787e-01,-3.970477e-01,9.174668e-01,-8.538210e-01,-7.156474e-01
1.484103e+00,-5.027771e+00,-3.433927e+00,-5.525988e-01,1.576830e+00,6.916168e-01,-2.382626e-01,-3.385227e-01,1.033795e+00,-9.638654e-01,-7.538605e-01
1.447992e+00,-5.140794e+00,-3.438283e+00,-3.916029e-01,1.302084e+00,9.926228e-01,-2.995216e-01,-3.246934e-01,1.182252e+00,-1.048586e+00,-4.646353e-01
1.419367e+00,-5.096636e+00,-3.289470e+00,-6.448444e-01,1.681740e+00,7.620394e-01,-2.122903e-01,-2.572785e-01,1.128738e+00,-9.432069e-01,-6.089766e-01
1.131482e+00,-5.172603e+00,-3.453982e+00,-6.784803e-01,1.669563e+00,6.805018e-01,-1.142671e-01,-3.208004e-01,9.399483e-01,-8.538083e-01,-8.071824e-01
1.371343e+00,-4.888212e+00,-3.383291e+00,-6.914043e-01,1.843490e+00,6.228473e-01,-3.033931e-01,-1.805929e-01,9.294333e-01,-8.880613e-01,-7.517677e-01
1.271375e+00,-5.134766e+00,-3.328926e+00,-7.241544e-01,1.646763e+00,6.126315e-01,-1.412230e-01,-4.322001e-01,9.198163e-01,-8.409314e-01,-8.645193e-01
1.466556e+00,-4.971185e+00,-3.231419e+00,-5.972026e-01,1.777736e+00,8.030183e-01,-1.837434e-01,-1.876871e-01,1.156280e+00,-9.275929e-01,-6.024755e-01
1.514704e+00,-4.992270e+00,-3.392966e+00,-5.417140e-01,1.578919e+00,6.600337e-01,-9.800720e-02,-3.713237e-01,1.182056e+00,-8.924299e-01,-6.181078e-01
1.706809e+00,-5.044387e+00,-3.241480e+00,-5.045043e-01,1.561550e+00,6.778432e-01,-1.299750e-01,-4.867037e-01,1.172583e+00,-1.184681e+00,-5.949567e-01
1.506852e+00,-5.058434e+00,-3.273529e+00,-6.571331e-01,1.581886e+00,6.065632e-01,-1.243522e-01,-3.610118e-01,1.147759e+00,-8.669733e-01,-6.291446e-01
1.590073e+00,-4.694991e+00,-3.135535e+00,-5.856297e-01,1.805657e+00,5.974775e-01,-1.235937e-01,-3.056859e-01,1.070411e+00,-8.417050e-01,-7.911598e-01
1.417212e+00,-4.928993e+00,-3.262453e+00,-7.245268e-01,1.796585e+00,5.428314e-01,-1.804876e-01,-2.862541e-01,9.729277e-01,-8.543837e-01,-7.326872e-01
1.455924e+00,-4.966665e+00,-3.221743e+00,-5.466208e-01,1.616755e+00,6.307595e-01,-4.323514e-02,-3.284361e-01,9.611824e-01,-6.604228e-01,-6.761517e-01
1.498737e+00,-5.100891e+00,-3.157004e+00,-6.633383e-01,1.723661e+00,7.068509e-01,-1.759500e-01,-3.116538e-01,1.054849e+00,-1.002587e+00,-6.603031e-01
1.306589e+00,-5.132738e+00,-3.473844e+00,-4.436207e-01,1.416978e+00,9.465785e-01,-2.231469e-01,-3.233090e-01,1.152018e+00,-9.961651e-01,-5.925931e-01
1.514416e+00,-5.067101e+00,-3.515218e+00,-3.744268e-01,1.494049e+00,8.404312e-01,-1.314650e-01,-2.589673e-01,1.247779e+00,-8.043611e-01,-4.979098e-01
1.282977e+00,-5.131691e+00,-3.470087e+00,-5.730559e-01,1.677121e+00,7.275239e-01,-6.648394e-02,-3.159814e-01,1.080615e+00,-8.658514e-01,-7.758845e-01
1.224761e+00,-5.007615e+00,-3.203980e+00,-6.715640e-01,1.891195e+00,7.566309e-01,-6.649390e-02,-1.183657e-01,1.068655e+00,-7.580321e-01,-6.701230e-01
1.252930e+00,-4.833204e+00,-3.245017e+00,-5.491638e-01,1.701022e+00,7.734624e-01,-1.679677e-01,-1.409407e-01,9.399554e-01,-6.449669e-01,-6.775512e-01
1.351962e+00,-4.858171e+00,-3.427954e+00,-4.894046e-01,1.607261e+00,7.047156e-01,-2.388946e-01,-2.152336e-01,9.021282e-01,-7.629453e-01,-7.749174e-01
1.414225e+00,-5.087777e+00,-3.331992e+00,-7.356836e-01,1.590931e+00,5.755082e-01,-2.373329e-01,-3.644173e-01,1.123702e+00,-9.741751e-01,-5.742064e-01
1.781782e+00,-4.971068e+00,-3.296951e+00,-3.092652e-01,1.238481e+00,8.683860e-01,-3.028897e-01,-4.870088e-01,1.168384e+00,-1.166188e+00,-6.272655e-01
1.466125e+00,-5.037098e+00,-3.337363e+00,-5.423806e-01,1.471147e+00,7.229278e-01,-2.416832e-01,-2.949373e-01,1.065006e+00,-8.542216e-01,-6.354780e-01
1.694569e+00,-4.771402e+00,-3.162165e+00,-4.552317e-01,1.671042e+00,6.698233e-01,-8.133544e-02,-2.841264e-01,9.813785e-01,-7.211427e-01,-7.042895e-01
1.429451e+00,-4.911135e+00,-3.274325e+00,-6.490763e-01,1.730314e+00,6.868374e-01,-3.076074e-01,-2.026221e-01,9.578193e-01,-9.203677e-01,-8.289294e-01
1.171009e+00,-5.137010e+00,-3.408470e+00,-7.955759e-01,1.524477e+00,6.288669e-01,-3.466319e-01,-3.222368e-01,8.747727e-01,-8.559320e-01,-7.775443e-01
1.287924e+00,-4.911946e+00,-3.409103e+00,-6.091176e-01,1.646001e+00,7.233627e-01,-3.683274e-01,-2.202214e-01,9.200062e-01,-9.842701e-01,-7.971519e-01
1.190623e+00,-5.024966e+00,-3.670394e+00,-3.559773e-01,1.359888e+00,8.883690e-01,-2.030876e-01,-2.947020e-01,1.033796e+00,-7.873079e-01,-7.342014e-01
1.308673e+00,-5.253655e+00,-3.558088e+00,-5.245009e-01,1.306534e+00,8.331989e-01,-3.721730e-01,-4.059293e-01,1.040023e+00,-1.105814e+00,-6.476787e-01
1.523751e+00,-4.928077e+00,-3.161609e+00,-4.597076e-01,1.687394e+00,8.203806e-01,-1.178293e-01,-3.333302e-01,1.036545e+00,-8.845058e-01,-7.125643e-01
1.338845e+00,-5.099852e+00,-3.323463e+00,-6.479695e-01,1.654419e+00,6.102444e-01,-1.558523e-01,-3.926000e-01,9.030561e-01,-8.876133e-01,-7.589213e-01
1.258982e+00,-5.062808e+00,-3.396168e+00,-7.887935e-01,1.651656e+00,4.793792e-01,-2.880750e-01,-3.607480e-01,7.668956e-01,-8.815213e-01,-8.979134e-01
1.524254e+00,-4.664413e+00,-3.142983e+00,-4.600135e-01,1.793568e+00,7.930639e-01,-1.319685e-01,-1.704533e-01,9.922127e-01,-7.448491e-01,-8.020562e-01
1.335517e+00,-5.055065e+00,-3.346451e+00,-6.156306e-01,1.498400e+00,7.628465e-01,-3.050424e-01,-2.078578e-01,1.029050e+00,-8.329775e-01,-6.497581e-01
1.850986e+00,-4.789731e+00,-3.159521e+00,-3.264232e-01,1.465890e+00,8.366821e-01,-2.153615e-01,-3.597287e-01,1.113126e+00,-9.966282e-01,-6.030888e-01
1.317512e+00,-5.115964e+00,-3.545099e+00,-5.927023e-01,1.342204e+00,6.377351e-01,-3.056960e-01,-3.671371e-01,1.035156e+00,-9.283797e-01,-6.172047e-01
1.485350e+00,-4.917409e+00,-3.207040e+00,-5.816081e-01,1.587209e+00,7.039472e-01,-2.053969e-01,-3.435990e-01,9.800800e-01,-8.788252e-01,-7.399604e-01
1.494066e+00,-4.899576e+00,-3.191473e+00,-6.442564e-01,1.828621e+00,6.442068e-01,-6.021759e-02,-2.736394e-01,1.185614e+00,-7.730235e-01,-6.607019e-01
1.217791e+00,-4.937236e+00,-3.538831e+00,-6.762987e-01,1.700689e+00,6.158024e-01,-2.529051e-01,-2.408019e-01,9.794907e-01,-7.889650e-01,-8.103886e-01
1.179734e+00,-4.992928e+00,-3.524268e+00,-5.526700e-01,1.520522e+00,6.575932e-01,-2.018987e-01,-3.453943e-01,9.108502e-01,-7.712335e-01,-7.777860e-01
1.260703e+00,-5.112766e+00,-3.525679e+00,-4.615694e-01,1.431982e+00,8.697692e-01,-2.203290e-01,-2.714286e-01,1.035705e+00,-8.294242e-01,-7.654795e-01
1.253363e+00,-5.348427e+00,-3.734441e+00,-5.162201e-01,1.236121e+00,8.894294e-01,-3.377839e-01,-4.724279e-01,1.234719e+00,-1.224114e+00,-6.365654e-01
1.509965e+00,-5.171156e+00,-3.279553e+00,-6.716388e-01,1.676155e+00,5.175027e-01,-5.926177e-02,-5.370178e-01,1.045934e+00,-1.021156e+00,-7.106568e-01
1.310755e+00,-5.253450e+00,-3.312617e+00,-7.812086e-01,1.607717e+00,5.976674e-01,-1.634946e-01,-3.660302e-01,9.322036e-01,-8.669247e-01,-6.869102e-01
1.356023e+00,-5.083390e+00,-3.234497e+00,-7.494604e-01,1.634240e+00,6.188847e-01,-3.153050e-01,-2.911403e-01,8.848734e-01,-8.816379e-01,-7.202127e-01
1.517014e+00,-4.790165e+00,-3.179054e+00,-5.645859e-01,1.642948e+00,6.323839e-01,-1.504512e-01,-3.507421e-01,9.261798e-01,-7.573603e-01,-8.465615e-01
1.413912e+00,-4.936152e+00,-3.406854e+00,-5.892884e-01,1.623062e+00,6.155813e-01,-1.950767e-01,-2.363468e-01,1.061945e+00,-7.886637e-01,-6.528642e-01
1.792693e+00,-4.905247e+00,-3.166888e+00,-4.490415e-01,1.509492e+00,7.596893e-01,-2.510294e-01,-4.178824e-01,1.086971e+00,-1.073573e+00,-6.594185e-01
1.384098e+00,-5.123280e+00,-3.384123e+00,-6.057175e-01,1.325086e+00,6.746958e-01,-3.318679e-01,-4.298641e-01,1.097239e+00,-1.090511e+00,-5.240439e-01
1.445703e+00,-4.808110e+00,-3.251387e+00,-4.408283e-01,1.627203e+00,8.193157e-01,-2.283379e-01,-2.061822e-01,9.908349e-01,-8.580342e-01,-6.913578e-01
1.298902e+00,-5.032759e+00,-3.401576e+00,-5.969620e-01,1.600379e+00,5.953894e-01,-1.194493e-01,-3.197565e-01,9.316813e-01,-7.786428e-01,-7.119987e-01
1.354795e+00,-4.867898e+00,-3.329787e+00,-5.175674e-01,1.697672e+00,7.311564e-01,-1.773623e-01,-2.430955e-01,9.835997e-01,-7.844065e-01,-7.614633e-01
1.064370e+00,-5.157150e+00,-3.446284e+00,-6.104708e-01,1.586293e+00,7.445073e-01,-4.198551e-02,-2.513122e-01,1.088466e+00,-6.292408e-01,-5.890713e-01
1.190874e+00,-5.138814e+00,-3.441988e+00,-6.344060e-01,1.537301e+00,7.348013e-01,-3.007208e-01,-2.658580e-01,9.002629e-01,-9.520943e-01,-7.657323e-01
1.290392e+00,-5.174531e+00,-3.592136e+00,-3.752932e-01,1.386426e+00,9.614092e-01,-1.177302e-01,-2.299266e-01,1.224600e+00,-8.291939e-01,-4.299349e-01
1.384178e+00,-5.124260e+00,-3.415737e+00,-4.996847e-01,1.494289e+00,9.066365e-01,-3.159730e-01,-2.327412e-01,1.118789e+00,-1.022444e+00,-6.130951e-01
1.268904e+00,-4.942912e+00,-3.297236e+00,-6.368314e-01,1.593554e+00,7.316392e-01,-2.504027e-01,-2.028328e-01,9.338832e-01,-7.575829e-01,-6.694636e-01
1.386843e+00,-4.866290e+00,-3.277706e+00,-5.307317e-01,1.711757e+00,7.663617e-01,-2.032505e-01,-1.244456e-01,9.903369e-01,-8.144792e-01,-6.833691e-01
1.486537e+00,-4.840873e+00,-3.292421e+00,-5.488732e-01,1.557930e+00,6.093945e-01,-2.621397e-01,-3.064807e-01,8.139227e-01,-7.808721e-01,-8.487038e-01
1.504890e+00,-4.832035e+00,-3.187032e+00,-6.267005e-01,1.622951e+00,5.715258e-01,-2.740957e-01,-3.447396e-01,9.407051e-01,-9.437997e-01,-7.543322e-01
1.559776e+00,-4.858892e+00,-3.145757e+00,-5.482704e-01,1.701127e+00,7.935362e-01,-2.254946e-01,-1.959889e-01,1.139118e+00,-9.222251e-01,-5.919351e-01
1.756567e+00,-4.845743e+00,-3.297356e+00,-1.816246e-01,1.406586e+00,9.598040e-01,-9.586486e-02,-3.274856e-01,1.284145e+00,-9.588875e-01,-5.311020e-01
1.577787e+00,-4.865594e+00,-3.325385e+00,-3.714763e-01,1.625579e+00,8.265109e-01,-1.004593e-01,-2.017941e-01,1.137780e+00,-7.042015e-01,-6.362822e-01
1.263262e+00,-4.989715e+00,-3.321981e+00,-6.941191e-01,1.730481e+00,6.615600e-01,-1.333874e-01,-3.114643e-01,1.044352e+00,-8.510247e-01,-7.083461e-01
1.279822e+00,-4.976607e+00,-3.211158e+00,-7.086703e-01,1.817175e+00,7.718092e-01,-2.206530e-01,-6.389641e-02,1.037117e+00,-7.612582e-01,-5.219374e-01
1.226343e+00,-4.883241e+00,-3.267307e+00,-5.104736e-01,1.786309e+00,7.573265e-01,-1.814169e-02,-2.522135e-01,8.732440e-01,-6.866585e-01,-8.523811e-01
1.137815e+00,-5.043441e+00,-3.511428e+00,-6.185921e-01,1.481848e+00,5.830763e-01,-3.168175e-01,-4.196277e-01,7.335592e-01,-8.994431e-01,-9.458716e-01
1.333438e+00,-5.087306e+00,-3.351213e+00,-5.323030e-01,1.515570e+00,8.906407e-01,-2.008896e-01,-2.438926e-01,1.118068e+00,-8.482175e-01,-5.694778e-01
1.478319e+00,-4.993356e+00,-3.323847e+00,-2.786118e-01,1.408990e+00,1.089759e+00,-2.369633e-01,-1.465955e-01,1.148284e+00,-8.626531e-01,-4.935472e-01
1.465368e+00,-4.870305e+00,-3.360371e+00,-5.470691e-01,1.669900e+00,7.088185e-01,-2.363065e-01,-2.307905e-01,9.667200e-01,-8.710452e-01,-8.262474e-01
1.365912e+00,-4.960498e+00,-3.373638e+00,-7.190350e-01,1.557061e+00,4.077385e-01,-2.169604e-01,-5.217694e-01,8.776317e-01,-9.439882e-01,-9.388711e-01
1.162533e+00,-5.027708e+00,-3.372753e+00,-7.684953e-01,1.476993e+00,6.111185e-01,-4.067140e-01,-2.576159e-01,8.426574e-01,-8.126539e-01,-7.214282e-01
1.745106e+00,-4.778869e+00,-2.978879e+00,-4.053251e-01,1.694970e+00,8.406737e-01,-7.295812e-02,-1.646338e-01,1.033335e+00,-7.060751e-01,-6.446045e-01
1.525458e+00,-4.755843e+00,-3.200656e+00,-4.851419e-01,1.752553e+00,7.657007e-01,-1.763794e-01,-1.526745e-01,1.010041e+00,-8.012753e-01,-7.009890e-01
1.533168e+00,-5.070460e+00,-3.373791e+00,-5.038845e-01,1.424410e+00,7.960192e-01,-2.134059e-01,-4.029064e-01,1.171822e+00,-1.009554e+00,-5.541049e-01
1.486005e+00,-4.964870e+00,-3.425815e+00,-4.418782e-01,1.465936e+00,7.710645e-01,-1.850825e-01,-4.422467e-01,1.209093e+00,-1.006964e+00,-7.206676e-01
9.431114e-01,-5.365319e+00,-3.607201e+00,-8.241456e-01,1.595250e+00,8.125724e-01,-1.468494e-01,-1.989824e-02,1.256258e+00,-5.605413e-01,-3.697459e-01
1.036786e+00,-5.095144e+00,-3.564391e+00,-7.241026e-01,1.521464e+00,5.298146e-01,-3.285688e-01,-3.384376e-01,6.761253e-01,-8.300581e-01,-9.860959e-01
1.007081e+00,-5.240092e+00,-3.553464e+00,-8.043451e-01,1.635489e+00,5.823656e-01,-1.451234e-01,-3.249902e-01,9.667840e-01,-7.542912e-01,-8.258289e-01
1.091730e+00,-5.124581e+00,-3.466179e+00,-6.317257e-01,1.618443e+00,7.550347e-01,-1.948334e-01,-2.675973e-01,1.022598e+00,-9.121105e-01,-7.370806e-01
1.471334e+00,-4.905272e+00,-3.199153e+00,-4.293648e-01,1.757969e+00,8.562036e-01,-2.113719e-02,-2.179155e-01,1.115045e+00,-8.301726e-01,-7.450777e-01
1.611103e+00,-4.951740e+00,-3.383483e+00,-4.083138e-01,1.482683e+00,7.976056e-01,-1.885079e-01,-3.509855e-01,1.274072e+00,-1.049376e+00,-3.539050e-01
1.330099e+00,-4.914009e+00,-3.387478e+00,-5.572494e-01,1.614371e+00,7.392747e-01,-2.340825e-01,-2.269452e-01,1.068080e+00,-8.760346e-01,-7.572741e-01
1.513338e+00,-4.814093e+00,-3.081252e+00,-5.802874e-01,1.635976e+00,6.826296e-01,-1.809165e-01,-2.663515e-01,9.643973e-01,-7.904024e-01,-6.974629e-01
1.342480e+00,-4.936811e+00,-3.353030e+00,-5.346911e-01,1.549631e+00,6.791031e-01,-2.002144e-01,-2.096132e-01,9.391012e-01,-6.870961e-01,-7.441571e-01
1.370828e+00,-4.712224e+00,-3.250664e+00,-4.899608e-01,1.724696e+00,7.441071e-01,-1.322512e-01,-1.114505e-01,9.045275e-01,-6.606703e-01,-7.802251e-01
1.438069e+00,-4.814901e+00,-3.194419e+00,-6.770287e-01,1.759057e+00,6.116450e-01,-2.695123e-01,-2.314421e-01,1.042707e+00,-9.282683e-01,-5.829306e-01
1.487704e+00,-4.981271e+00,-3.195619e+00,-4.334039e-01,1.566414e+00,9.342683e-01,-2.246540e-01,-2.813642e-01,1.048726e+00,-9.891330e-01,-6.270951e-01
1.648709e+00,-4.834490e+00,-3.250005e+00,-2.084551e-01,1.452194e+00,9.379348e-01,-1.558535e-01,-3.143459e-01,1.128185e+00,-9.400818e-01,-5.257765e-01
1.116551e+00,-5.134651e+00,-3.476101e+00,-5.926722e-01,1.607617e+00,7.635845e-01,-1.457841e-01,-2.272578e-01,9.337411e-01,-7.818400e-01,-7.927967e-01
8.651371e-01,-5.115390e+00,-3.658297e+00,-7.045419e-01,1.508212e+00,6.127223e-01,-3.000832e-01,-3.477880e-01,8.552359e-01,-8.924732e-01,-8.705980e-01
9.487001e-01,-5.342839e+00,-3.539015e+00,-9.159383e-01,1.359278e+00,5.641718e-01,-5.292034e-01,-3.244409e-01,7.026554e-01,-8.367777e-01,-7.016438e-01
9.893196e-01,-5.304768e+00,-3.658953e+00,-8.088309e-01,1.485443e+00,4.676020e-01,-2.011106e-01,-4.276780e-01,9.241427e-01,-8.345536e-01,-7.419241e-01
1.254431e+00,-5.136843e+00,-3.444353e+00,-6.142353e-01,1.518915e+00,7.218141e-01,-2.478390e-01,-2.595921e-01,9.602869e-01,-8.510746e-01,-6.808175e-01
1.734718e+00,-4.856804e+00,-3.225991e+00,-3.313447e-01,1.430521e+00,9.020011e-01,-2.131610e-01,-3.581281e-01,1.220220e+00,-9.879999e-01,-5.013393e-01
1.643573e+00,-4.918010e+00,-3.119153e+00,-5.609500e-01,1.624173e+00,7.165925e-01,-2.757114e-01,-3.892956e-01,1.032936e+00,-1.085444e+00,-6.772907e-01
1.663705e+00,-4.829214e+00,-3.216803e+00,-4.355284e-01,1.522355e+00,7.203518e-01,-2.002457e-01,-3.186754e-01,9.091259e-01,-7.923697e-01,-7.806287e-01
1.270668e+00,-4.742477e+00,-3.371104e+00,-6.324750e-01,1.604522e+00,5.505359e-01,-3.519047e-01,-2.780542e-01,7.937418e-01,-8.685259e-01,-8.818773e-01
1.159578e+00,-4.795752e+00,-3.396523e+00,-6.583114e-01,1.651619e+00,7.224565e-01,-3.527147e-01,-1.780360e-01,8.917427e-01,-7.857902e-01,-8.776174e-01
1.383300e+00,-4.708530e+00,-3.307697e+00,-5.203544e-01,1.644551e+00,6.270779e-01,-1.709639e-01,-3.148383e-01,9.919771e-01,-7.798298e-01,-8.310072e-01
1.370395e+00,-4.941565e+00,-3.443721e+00,-4.333352e-01,1.634597e+00,8.428313e-01,-1.035529e-01,-2.091744e-01,1.123706e+00,-7.753130e-01,-6.850838e-01
1.309343e+00,-5.083927e+00,-3.536057e+00,-4.449594e-01,1.296699e+00,9.219185e-01,-4.122887e-01,-3.180113e-01,1.094973e+00,-1.141706e+00,-4.506050e-01
1.344769e+00,-4.855777e+00,-3.362207e+00,-4.665941e-01,1.561872e+00,7.898501e-01,-2.757950e-01,-3.438505e-01,9.629872e-01,-9.406170e-01,-8.149809e-01
1.164877e+00,-5.005819e+00,-3.307897e+00,-6.250062e-01,1.737646e+00,7.141384e-01,-1.019460e-01,-2.860056e-01,9.423555e-01,-7.876846e-01,-7.514455e-01
9.472654e-01,-5.391598e+00,-3.579939e+00,-8.880340e-01,1.603467e+00,4.975457e-01,-1.075059e-01,-2.841771e-01,9.894677e-01,-7.208747e-01,-6.063831e-01
1.560638e+00,-4.968226e+00,-3.112365e+00,-5.975891e-01,1.803038e+00,6.082544e-01,3.631229e-02,-4.060357e-01,1.018187e+00,-8.139853e-01,-7.618840e-01
1.378736e+00,-4.902691e+00,-3.289710e+00,-5.721328e-01,1.759127e+00,7.671013e-01,-1.281328e-01,-1.697897e-01,1.190997e+00,-8.038222e-01,-6.321929e-01
1.553866e+00,-4.677685e+00,-3.266267e+00,-2.575192e-01,1.342532e+00,9.873903e-01,-3.882801e-01,-2.475445e-01,9.069213e-01,-9.056431e-01,-7.256319e-01
1.622489e+00,-4.979275e+00,-3.372763e+00,-3.757816e-01,1.224341e+00,7.730306e-01,-4.225100e-01,-4.079740e-01,8.766028e-01,-1.057128e+00,-6.893417e-01
1.280269e+00,-5.001307e+00,-3.320595e+00,-7.509256e-01,1.479984e+00,5.784084e-01,-4.084790e-01,-3.918604e-01,7.680047e-01,-9.778944e-01,-8.721155e-01
1.463494e+00,-4.884293e+00,-3.152098e+00,-7.314044e-01,1.693282e+00,5.353185e-01,-2.407260e-01,-3.381765e-01,9.653364e-01,-8.473946e-01,-7.193344e-01
1.403569e+00,-4.703730e+00,-3.205363e+00,-4.405608e-01,1.803314e+00,8.387113e-01,-1.228145e-01,-8.898331e-02,9.752946e-01,-6.790815e-01,-7.993104e-01
1.389299e+00,-4.833436e+00,-3.119203e+00,-5.501636e-01,1.803619e+00,6.600034e-01,-9.593369e-02,-2.173378e-01,8.016109e-01,-7.532393e-01,-7.462717e-01
1.391587e+00,-4.934491e+00,-3.268361e+00,-4.830562e-01,1.631157e+00,8.236549e-01,-2.312381e-01,-2.324219e-01,9.256638e-01,-8.455453e-01,-7.831080e-01
1.303973e+00,-5.100991e+00,-3.283628e+00,-5.791197e-01,1.628239e+00,8.453498e-01,-2.079291e-01,-3.235420e-01,1.100392e+00,-1.038753e+00,-5.476089e-01
1.718666e+00,-4.695929e+00,-3.137397e+00,-2.177504e-01,1.663806e+00,9.654680e-01,-2.460660e-01,-2.693152e-01,9.700648e-01,-1.020922e+00,-7.536760e-01
1.062106e+00,-5.077362e+00,-3.476824e+00,-5.714487e-01,1.616480e+00,8.001684e-01,-7.748890e-02,-1.355001e-01,1.028457e+00,-5.962923e-01,-5.805132e-01
1.017277e+00,-4.922713e+00,-3.567261e+00,-4.996930e-01,1.629592e+00,8.401794e-01,-1.837512e-01,-1.069559e-01,9.973648e-01,-7.393531e-01,-9.088449e-01
1.438641e+00,-4.658678e+00,-3.201260e+00,-3.811284e-01,1.621850e+00,9.366101e-01,-2.187739e-01,-1.080914e-01,9.880879e-01,-6.360978e-01,-6.983494e-01
1.447520e+00,-4.648915e+00,-3.242142e+00,-3.797224e-01,1.755474e+00,7.353493e-01,-5.425547e-02,-1.630179e-01,1.031883e+00,-6.722264e-01,-6.905662e-01
1.474874e+00,-4.787581e+00,-3.341363e+00,-3.287779e-01,1.566263e+00,9.440533e-01,-1.143934e-01,2.779934e-02,1.203410e+00,-5.296229e-01,-4.682187e-01
1.623627e+00,-4.814740e+00,-3.266275e+00,-2.117658e-01,1.345199e+00,9.507841e-01,-1.852445e-01,-3.230153e-01,1.204456e+00,-1.023988e+00,-5.657539e-01
1.432847e+00,-4.682171e+00,-3.259449e+00,-4.218985e-01,1.562313e+00,9.032571e-01,-4.290417e-01,-1.135663e-01,9.468590e-01,-9.092732e-01,-6.713107e-01
1.522757e+00,-4.835762e+00,-3.257212e+00,-5.676458e-01,1.655782e+00,5.959336e-01,-2.806765e-01,-3.286776e-01,8.158597e-01,-9.389669e-01,-8.614146e-01
1.460195e+00,-4.862448e+00,-3.210420e+00,-6.506057e-01,1.776245e+00,5.614062e-01,-2.316918e-01,-2.797283e-01,8.465648e-01,-8.375181e-01,-8.126691e-01
1.387902e+00,-4.739404e+00,-3.209764e+00,-4.418095e-01,1.691352e+00,8.493003e-01,-2.284612e-01,-2.006553e-01,8.558452e-01,-7.377845e-01,-8.688435e-01
1.127382e+00,-4.993555e+00,-3.363790e+00,-6.951560e-01,1.672125e+00,6.477720e-01,-2.705347e-01,-2.990597e-01,9.537054e-01,-9.737772e-01,-6.868777e-01
1.520060e+00,-4.816279e+00,-3.232159e+00,-4.000947e-01,1.738169e+00,8.324210e-01,-5.232917e-02,-3.660512e-01,1.109845e+00,-9.058263e-01,-6.345545e-01
1.333937e+00,-4.992391e+00,-3.343589e+00,-3.442795e-01,1.582223e+00,1.003340e+00,-1.488932e-01,-1.935769e-01,1.069631e+00,-9.833912e-01,-6.861042e-01
1.228722e+00,-4.967004e+00,-3.349017e+00,-6.824052e-01,1.605156e+00,7.724090e-01,-3.719358e-01,-2.226048e-01,9.360363e-01,-8.764581e-01,-7.071954e-01
1.360481e+00,-4.764494e+00,-3.132829e+00,-4.694908e-01,1.844970e+00,7.213161e-01,5.205912e-03,-2.611839e-01,9.806595e-01,-8.050655e-01,-7.730706e-01
1.393864e+00,-4.795524e+00,-3.222767e+00,-6.292336e-01,1.736582e+00,5.067005e-01,-1.191583e-01,-3.508131e-01,8.312569e-01,-7.280679e-01,-8.156974e-01
1.312138e+00,-4.725488e+00,-3.204892e+00,-6.178094e-01,1.747130e+00,7.648295e-01,-2.877456e-01,8.517319e-03,9.488600e-01,-7.110207e-01,-6.173311e-01
1.677083e+00,-4.574729e+00,-3.069767e+00,-3.068509e-01,1.743167e+00,8.770113e-01,-1.318419e-01,-1.690422e-01,1.072829e+00,-7.821148e-01,-7.315317e-01
1.546078e+00,-4.916019e+00,-3.393673e+00,-2.731749e-01,1.390625e+00,9.559314e-01,-3.952215e-02,-2.497539e-01,1.428795e+00,-8.021020e-01,-3.774280e-01
1.586801e+00,-4.800645e+00,-3.344773e+00,-3.246198e-01,1.433143e+00,7.859842e-01,-2.502505e-01,-2.920295e-01,9.465801e-01,-8.701379e-01,-7.641373e-01
1.285243e+00,-4.788338e+00,-3.234791e+00,-6.094911e-01,1.725178e+00,7.141708e-01,-2.045998e-01,-2.061919e-01,9.196297e-01,-7.425709e-01,-7.418405e-01
1.066758e+00,-4.946631e+00,-3.455155e+00,-7.115858e-01,1.557942e+00,5.283650e-01,-2.591500e-01,-3.762133e-01,8.614515e-01,-8.027403e-01,-8.598131e-01
1.169264e+00,-4.912606e+00,-3.238952e+00,-6.651109e-01,1.840247e+00,7.031039e-01,-1.165733e-01,-2.282425e-01,9.325374e-01,-7.716442e-01,-7.277832e-01
1.178589e+00,-4.929804e+00,-3.488423e+00,-4.886798e-01,1.728610e+00,7.087708e-01,-5.355158e-02,-2.555854e-01,9.313110e-01,-7.755064e-01,-9.375150e-01
1.280064e+00,-4.923371e+00,-3.292630e+00,-5.732886e-01,1.555702e+00,7.260588e-01,-2.950601e-01,-4.141864e-01,8.602081e-01,-9.939939e-01,-7.884501e-01
1.336185e+00,-5.141397e+00,-3.363655e+00,-3.593864e-01,1.392344e+00,1.140777e+00,-2.730357e-01,-1.129672e-01,1.193059e+00,-9.922959e-01,-3.974017e-01
1.306631e+00,-5.177086e+00,-3.497345e+00,-5.862738e-01,1.418642e+00,6.853625e-01,-1.772504e-01,-3.651875e-01,1.057924e+00,-8.014618e-01,-6.276023e-01
1.287898e+00,-4.883531e+00,-3.193071e+00,-7.086819e-01,1.714906e+00,5.891281e-01,-2.577803e-01,-2.306612e-01,7.802744e-01,-8.230908e-01,-7.001264e-01
1.272087e+00,-4.905332e+00,-3.342535e+00,-6.848090e-01,1.647549e+00,6.194522e-01,-3.427734e-01,-2.397020e-01,8.442283e-01,-8.639650e-01,-8.749545e-01
1.036429e+00,-4.839763e+00,-3.273255e+00,-7.891405e-01,1.563759e+00,6.200629e-01,-4.222324e-01,-2.085315e-01,6.963716e-01,-7.711578e-01,-8.810291e-01
1.505719e+00,-4.658389e+00,-3.231084e+00,-3.851594e-01,1.624603e+00,7.182689e-01,-1.729787e-01,-3.034787e-01,9.503974e-01,-8.553081e-01,-8.125120e-01
1.477325e+00,-4.862952e+00,-3.326116e+00,-4.152176e-01,1.437163e+00,8.081503e-01,-2.860819e-01,-2.635068e-01,9.491203e-01,-8.402469e-01,-6.381918e-01
1.539435e+00,-5.033283e+00,-3.217442e+00,-4.270966e-01,1.418364e+00,7.906041e-01,-1.678473e-01,-4.235350e-01,1.084716e+00,-1.072163e+00,-6.235437e-01
1.066318e+00,-5.072862e+00,-3.538659e+00,-6.055095e-01,1.397609e+00,8.253297e-01,-3.482310e-01,-2.248867e-01,9.885824e-01,-8.353201e-01,-6.786305e-01
1.229796e+00,-4.741866e+00,-3.288634e+00,-4.258977e-01,1.616020e+00,7.413845e-01,-1.868885e-01,-2.507950e-01,7.718800e-01,-7.603864e-01,-8.817770e-01
8.924442e-01,-4.992676e+00,-3.548020e+00,-7.343718e-01,1.591949e+00,5.894902e-01,-3.330691e-01,-2.377008e-01,6.742362e-01,-7.289123e-01,-9.334446e-01
7.918588e-01,-5.003653e+00,-3.384400e+00,-5.719208e-01,1.610722e+00,8.382049e-01,-1.099001e-01,-1.052623e-01,8.822205e-01,-6.016094e-01,-6.777881e-01
1.201948e+00,-4.877771e+00,-3.389645e+00,-5.694781e-01,1.628372e+00,7.258316e-01,-3.129825e-01,-3.382344e-01,8.674077e-01,-9.849276e-01,-8.843141e-01
1.403734e+00,-4.965651e+00,-3.272418e+00,-4.155964e-01,1.601065e+00,8.908509e-01,-1.081820e-01,-2.425871e-01,1.113703e+00,-9.073091e-01,-4.521206e-01
1.340952e+00,-5.036074e+00,-3.357066e+00,-3.391616e-01,1.493519e+00,8.949450e-01,-1.656212e-02,-2.352828e-01,1.162376e+00,-7.430454e-01,-4.867279e-01
1.268818e+00,-4.612243e+00,-3.166637e+00,-4.689293e-01,1.689849e+00,8.571559e-01,-2.530485e-01,-5.317103e-02,8.974405e-01,-7.326175e-01,-6.967123e-01
1.201050e+00,-4.678141e+00,-3.167432e+00,-5.981982e-01,1.739597e+00,6.203326e-01,-1.955311e-01,-2.369156e-01,8.730449e-01,-7.888113e-01,-7.445512e-01
1.400458e+00,-4.669089e+00,-3.154431e+00,-5.670997e-01,1.770437e+00,6.804215e-01,-2.485715e-01,-1.164852e-01,7.407622e-01,-6.763448e-01,-8.619194e-01
1.488440e+00,-4.629123e+00,-3.187858e+00,-3.352059e-01,1.652874e+00,7.412535e-01,-3.112939e-02,-2.116950e-01,1.001426e+00,-6.603515e-01,-7.795008e-01
1.200175e+00,-4.838524e+00,-3.364322e+00,-5.331629e-01,1.714329e+00,9.329451e-01,-1.238794e-01,-2.297994e-02,1.283795e+00,-7.451787e-01,-5.207249e-01
1.360211e+00,-4.885411e+00,-3.408818e+00,-3.398152e-01,1.249261e+00,8.976382e-01,-3.486040e-01,-3.043461e-01,1.037692e+00,-9.594687e-01,-4.910047e-01
1.647278e+00,-4.528828e+00,-3.224502e+00,-1.812761e-01,1.717064e+00,9.430538e-01,-1.688360e-01,-1.919054e-01,9.698896e-01,-8.406654e-01,-7.904534e-01
1.096358e+00,-4.981179e+00,-3.319355e+00,-6.125244e-01,1.724962e+00,7.519176e-01,-1.214094e-01,-1.366098e-01,8.847840e-01,-6.822141e-01,-8.000692e-01
8.783857e-01,-5.126444e+00,-3.515429e+00,-8.396275e-01,1.514785e+00,6.168726e-01,-4.020493e-01,-2.113626e-01,7.963299e-01,-7.129508e-01,-7.121555e-01
1.047632e+00,-4.762028e+00,-3.204081e+00,-4.681819e-01,1.686988e+00,8.686098e-01,-1.637908e-01,-1.446965e-01,7.494582e-01,-6.410892e-01,-8.040790e-01
1.203266e+00,-4.809296e+00,-3.451948e+00,-4.316240e-01,1.755196e+00,8.632963e-01,-1.713946e-01,-1.027311e-01,9.478706e-01,-8.010301e-01,-8.337249e-01
1.413278e+00,-4.704047e+00,-3.235433e+00,-3.943839e-01,1.560297e+00,9.544525e-01,-3.307509e-01,-1.929967e-01,9.556506e-01,-8.852954e-01,-6.720223e-01
1.172836e+00,-5.166882e+00,-3.612644e+00,-5.022258e-01,1.242767e+00,8.055702e-01,-2.603947e-01,-3.157309e-01,1.207913e+00,-8.824478e-01,-4.564079e-01
1.240325e+00,-4.704687e+00,-3.307970e+00,-4.900744e-01,1.529712e+00,7.755312e-01,-3.408636e-01,-2.055083e-01,7.521546e-01,-7.695714e-01,-8.484895e-01
1.303682e+00,-4.824038e+00,-3.361878e+00,-5.407179e-01,1.477990e+00,5.663113e-01,-2.958989e-01,-2.826832e-01,6.825379e-01,-7.583352e-01,-8.902501e-01
1.234920e+00,-4.807618e+00,-3.317002e+00,-6.622420e-01,1.638862e+00,5.594759e-01,-2.166803e-01,-3.901643e-01,9.057761e-01,-8.621574e-01,-9.195911e-01
1.242995e+00,-4.689867e+00,-3.166584e+00,-4.834214e-01,1.567194e+00,8.074382e-01,-2.391906e-01,-8.362490e-02,8.629298e-01,-6.235598e-01,-6.846138e-01
1.231398e+00,-4.736117e+00,-3.326119e+00,-5.448943e-01,1.661211e+00,8.118028e-01,-2.987828e-01,-1.158357e-01,9.519399e-01,-8.218043e-01,-6.836381e-01
1.285612e+00,-4.838474e+00,-3.487599e+00,-2.678102e-01,1.408643e+00,9.725786e-01,-1.976252e-01,-2.463510e-01,1.072267e+00,-9.446577e-01,-6.592365e-01
1.277415e+00,-5.003077e+00,-3.364515e+00,-5.517110e-01,1.407307e+00,6.920848e-01,-3.541958e-01,-4.458625e-01,8.209378e-01,-1.034105e+00,-8.098394e-01
9.116380e-01,-4.812880e+00,-3.428774e+00,-5.680114e-01,1.604065e+00,7.411528e-01,-2.150961e-01,-2.490636e-01,8.326284e-01,-6.960597e-01,-8.077100e-01
1.195304e+00,-4.742310e+00,-3.284810e+00,-5.500866e-01,1.833316e+00,6.955608e-01,-1.636180e-01,-1.441047e-01,8.654381e-01,-6.787781e-01,-7.311760e-01
1.112655e+00,-4.835905e+00,-3.469766e+00,-7.260215e-01,1.627329e+00,4.496396e-01,-2.654760e-01,-4.634346e-01,8.012576e-01,-8.060544e-01,-8.872510e-01
9.689573e-01,-4.963826e+00,-3.420083e+00,-5.706424e-01,1.556553e+00,6.900952e-01,-1.451719e-01,-2.781434e-01,9.097535e-01,-6.706173e-01,-7.477829e-01
1.495956e+00,-4.626858e+00,-3.221052e+00,-2.426338e-01,1.578472e+00,9.818094e-01,-2.053028e-01,-1.543711e-01,9.880911e-01,-7.846994e-01,-7.166433e-01
1.361403e+00,-4.952420e+00,-3.568216e+00,-3.485838e-01,1.167668e+00,9.075656e-01,-4.432773e-01,-2.555413e-01,1.071756e+00,-9.945021e-01,-4.443625e-01
1.506992e+00,-4.677435e+00,-3.077834e+00,-3.950209e-01,1.694213e+00,8.378743e-01,-2.084389e-01,-1.388372e-01,8.788760e-01,-7.791018e-01,-7.186208e-01
1.436302e+00,-4.562832e+00,-3.080903e+00,-4.320123e-01,1.696618e+00,7.238518e-01,-1.432153e-01,-1.663365e-01,9.203082e-01,-7.054054e-01,-7.468073e-01
1.305460e+00,-4.640506e+00,-3.241952e+00,-5.929452e-01,1.675828e+00,6.019270e-01,-2.726820e-01,-2.845956e-01,9.063861e-01,-7.949500e-01,-7.745882e-01
1.317050e+00,-4.691978e+00,-3.366963e+00,-4.401804e-01,1.613475e+00,6.575824e-01,-1.433682e-01,-2.442402e-01,8.508466e-01,-6.882805e-01,-9.331144e-01
1.240963e+00,-4.787935e+00,-3.205353e+00,-5.405068e-01,1.641360e+00,6.902104e-01,-2.094139e-01,-2.060838e-01,8.082053e-01,-7.592438e-01,-7.502388e-01
1.132097e+00,-4.978782e+00,-3.518955e+00,-4.753680e-01,1.464365e+00,9.023595e-01,-2.356895e-01,-2.192837e-01,1.145723e+00,-8.248216e-01,-5.766759e-01
9.952951e-01,-5.220034e+00,-3.515495e+00,-6.966285e-01,1.622058e+00,7.665466e-01,-1.910270e-01,-2.960320e-01,1.114594e+00,-1.114762e+00,-6.955105e-01
9.505035e-01,-5.052340e+00,-3.554274e+00,-5.928491e-01,1.476439e+00,6.341974e-01,-1.806960e-01,-3.673603e-01,7.840581e-01,-7.307320e-01,-8.284862e-01
1.375023e+00,-4.646995e+00,-3.008947e+00,-2.748827e-01,1.972241e+00,9.754961e-01,8.362748e-02,-4.179891e-02,9.770852e-01,-6.173754e-01,-6.999878e-01
1.126193e+00,-4.752690e+00,-3.288528e+00,-4.176223e-01,1.625922e+00,8.803370e-01,-2.123000e-01,-1.543370e-01,7.894944e-01,-7.040489e-01,-8.584473e-01
9.352401e-01,-5.060023e+00,-3.442095e+00,-7.222739e-01,1.484532e+00,6.185519e-01,-3.566242e-01,-2.269052e-01,6.757126e-01,-8.010279e-01,-8.233839e-01
1.288130e+00,-4.784832e+00,-3.398507e+00,-4.211948e-01,1.547765e+00,7.856292e-01,-2.576602e-01,-2.590344e-01,8.560550e-01,-8.500987e-01,-8.320354e-01
1.526928e+00,-4.744630e+00,-3.278322e+00,-2.302222e-01,1.368288e+00,9.543636e-01,-2.291278e-01,-2.932466e-01,1.088839e+00,-1.008786e+00,-6.249304e-01
1.272499e+00,-4.798484e+00,-3.310527e+00,-4.783136e-01,1.351068e+00,8.110482e-01,-4.489147e-01,-2.326028e-01,8.294881e-01,-8.256654e-01,-6.920520e-01
1.223091e+00,-4.802985e+00,-3.373770e+00,-6.053019e-01,1.467100e+00,6.489006e-01,-3.570328e-01,-2.404161e-01,8.203963e-01,-7.300584e-01,-7.519589e-01
8.433290e-01,-5.027315e+00,-3.777199e+00,-8.691871e-01,1.275088e+00,3.295302e-01,-6.127940e-01,-4.144409e-01,5.019660e-01,-9.544457e-01,-1.112915e+00
1.179345e+00,-4.664823e+00,-3.305271e+00,-6.587069e-01,1.688910e+00,6.921332e-01,-3.801255e-01,-1.294950e-01,8.164947e-01,-6.882172e-01,-7.554563e-01
1.256592e+00,-4.719919e+00,-3.187970e+00,-4.649374e-01,1.776758e+00,8.311204e-01,-1.169523e-01,-1.115361e-01,9.649276e-01,-7.461334e-01,-7.090988e-01
1.354242e+00,-4.600632e+00,-3.259464e+00,-2.652161e-01,1.612499e+00,9.451322e-01,-1.246345e-01,-2.448284e-01,9.964026e-01,-7.389147e-01,-7.112746e-01
9.440422e-01,-5.467964e+00,-3.811790e+00,-6.479921e-01,1.281636e+00,7.106096e-01,-1.662490e-01,-4.212676e-01,1.272747e+00,-1.030697e+00,-3.618085e-01
1.187628e+00,-3.370242e+00,-2.170425e+00,-1.284362e-01,1.032517e+00,2.759361e-01,-1.859666e-01,-1.016649e-01,1.428218e-01,-2.688888e-01,-3.939313e-01
