-1.428789e+00,-2.618283e+00,2.388595e-01,-4.420593e-01,8.307682e-01,-6.297085e-01,1.848821e-01,-1.145674e-01,-4.153499e-01,8.901419e-01,1.238328e-01
-2.804386e-01,-2.655897e+00,4.728379e-01,-6.937681e-01,8.414759e-01,-4.682402e-01,-3.425761e-01,-2.027987e-01,-3.124708e-01,9.611414e-01,4.744776e-02
4.497246e-01,-2.832036e+00,5.765631e-01,-5.694573e-01,1.063570e+00,-3.236605e-01,-6.317115e-02,2.037281e-01,-6.422838e-01,1.345040e+00,1.884776e-01
1.303162e+00,-2.230813e+00,1.036505e+00,-5.284211e-01,1.086830e+00,-4.830372e-01,1.502432e-01,-3.411375e-02,-4.883422e-01,1.791460e+00,-1.831886e-01
7.084234e-01,-3.066813e+00,4.047377e-01,-7.746817e-01,1.374444e+00,-3.809667e-01,4.048492e-01,-4.596005e-02,-7.791257e-01,1.683759e+00,-2.703466e-01
1.240175e+00,-2.915263e+00,1.241132e+00,-7.878159e-01,1.207406e+00,-7.028184e-01,-1.335694e-01,-5.310697e-01,-4.955263e-01,2.006109e+00,-3.243555e-01
1.373847e+00,-2.990265e+00,1.210259e+00,-2.785914e-01,1.314938e+00,1.083598e-01,2.184232e-02,-2.160811e-01,-5.959882e-01,1.644036e+00,-7.122021e-01
1.451864e+00,-3.126906e+00,1.026598e+00,-4.527347e-01,6.117001e-01,7.464689e-02,-5.778795e-01,-5.922846e-01,-5.891313e-01,1.884123e+00,-3.478860e-01
1.415303e+00,-2.821752e+00,1.157917e+00,-3.003899e-02,6.248446e-01,-2.971533e-01,-6.673975e-01,-5.891138e-01,-4.153114e-01,1.974878e+00,-2.833553e-01
1.421037e+00,-2.864271e+00,9.018711e-01,4.901534e-01,6.458234e-01,-3.050385e-01,-4.497366e-01,-7.515885e-01,-1.235757e-01,2.047884e+00,-2.378728e-01
1.191594e+00,-2.992634e+00,7.014277e-01,2.487910e-01,6.730963e-01,-5.878504e-01,-6.324373e-01,-6.903461e-01,-4.803416e-01,1.893063e+00,-2.641538e-01
1.223116e+00,-2.896231e+00,7.895617e-01,2.035310e-01,1.347171e+00,-4.173688e-01,-2.217081e-01,-1.072977e-01,-4.489267e-01,2.052654e+00,-5.009551e-01
1.378480e+00,-3.047275e+00,9.675210e-01,1.358928e-01,1.410203e+00,-2.914185e-01,-6.436858e-01,-3.579851e-01,-6.560288e-01,1.800211e+00,-1.809685e-01
1.584540e+00,-2.506367e+00,1.128161e+00,6.493802e-02,1.778373e+00,-5.965855e-01,-5.212673e-01,-8.549041e-02,-5.301005e-01,1.808625e+00,-4.091198e-01
1.673075e+00,-2.240376e+00,8.377547e-01,-4.852621e-01,2.341433e+00,-7.945996e-01,-7.993020e-01,-9.591482e-02,-7.964846e-01,1.853523e+00,-4.339826e-01
1.230414e+00,-2.566718e+00,1.376861e+00,-4.280197e-02,2.560859e+00,-1.525503e-02,-5.834162e-01,-2.746248e-01,-5.392512e-01,1.783647e+00,-4.455478e-01
1.193376e+00,-2.586143e+00,1.506716e+00,-4.129975e-01,2.319980e+00,-4.736985e-01,-3.910328e-01,-3.868119e-02,-3.429434e-02,1.669940e+00,-5.366385e-01
1.189450e-01,-3.376528e+00,7.390181e-01,-1.008208e+00,1.847186e+00,-5.701301e-01,-5.863569e-01,-3.001869e-01,-7.563507e-01,1.791992e+00,-8.990289e-01
8.692801e-01,-2.600402e+00,1.314812e+00,-3.559981e-01,2.197989e+00,-3.648092e-01,-2.547766e-01,-3.183187e-01,-8.725535e-01,1.861017e+00,-2.174203e-01
2.432263e-01,-3.269245e+00,1.216843e+00,-5.823283e-03,2.019784e+00,-5.353810e-01,-4.216134e-01,8.707643e-02,-6.750610e-01,2.151582e+00,1.079149e-01
4.771677e-01,-2.679258e+00,1.633307e+00,-3.299788e-02,1.914804e+00,-2.735279e-01,-3.521389e-01,-5.263185e-01,-1.115340e+00,1.762199e+00,-9.845482e-02
1.249776e-01,-2.918774e+00,1.844217e+00,-2.535592e-02,1.675733e+00,-2.657405e-01,1.489905e-03,-3.121279e-01,-8.735814e-01,1.669386e+00,-2.293865e-01
3.618179e-01,-2.602875e+00,2.242470e+00,-2.267389e-01,1.521430e+00,-2.977697e-01,1.384091e-01,-3.754413e-01,-1.123765e+00,1.737051e+00,-2.286442e-01
5.304378e-01,-2.505405e+00,2.213253e+00,-1.931953e-01,1.307051e+00,-3.541495e-01,4.732116e-01,-2.645383e-02,-8.786209e-01,1.513817e+00,-2.494382e-01
4.305269e-01,-3.013470e+00,2.013702e+00,-6.164432e-02,1.517866e+00,-1.222768e-01,5.134080e-01,-1.919572e-01,-1.269299e+00,1.431986e+00,-2.442150e-01
3.317626e-01,-3.389833e+00,1.948004e+00,-4.720058e-01,1.122455e+00,-2.624553e-01,1.829396e-01,-3.573772e-01,-1.256152e+00,1.674688e+00,-1.478080e-01
4.581473e-01,-3.271268e+00,2.040335e+00,-3.266693e-01,1.029549e+00,-1.177746e-01,1.708683e-01,-3.926445e-01,-1.101821e+00,1.819010e+00,-1.829067e-01
-3.885425e-02,-3.697489e+00,2.195574e+00,1.316057e-01,1.266289e+00,-6.025567e-02,-7.735103e-02,-4.219748e-01,-7.783985e-01,2.169724e+00,8.601818e-02
3.947388e-01,-3.845772e+00,1.766142e+00,-1.456833e-01,1.299755e+00,2.725919e-01,3.219793e-01,-3.241090e-01,-8.005642e-01,1.919497e+00,-2.283068e-01
9.534049e-02,-3.937252e+00,1.692458e+00,1.044267e-01,1.357220e+00,-2.448412e-01,2.198498e-01,-5.247281e-01,-8.344057e-01,2.031514e+00,-4.560988e-01
4.298540e-01,-4.068270e+00,1.533127e+00,4.870680e-01,1.843659e+00,-1.324036e-01,4.028785e-01,-8.229925e-01,-1.165634e+00,1.892790e+00,-4.525443e-01
2.327787e-01,-4.276610e+00,1.168269e+00,2.571895e-01,1.209500e+00,-4.653037e-01,1.327817e-01,-7.584918e-01,-8.920416e-01,2.216648e+00,-1.974831e-01
8.800827e-01,-4.116209e+00,1.249290e+00,-1.325488e-01,8.164645e-01,-3.752597e-01,-5.443475e-02,-8.572008e-01,-6.158099e-01,2.312319e+00,2.665224e-02
1.081519e+00,-4.076514e+00,1.757779e+00,4.792495e-01,1.376970e+00,1.193937e-01,1.033212e-01,-6.321449e-01,-8.032549e-01,2.439720e+00,-3.071863e-01
8.816761e-01,-4.355848e+00,1.877940e+00,5.031462e-01,1.557942e+00,2.160637e-01,3.443577e-01,-3.143839e-01,-5.350553e-01,2.479716e+00,-4.698282e-01
9.895480e-01,-4.413613e+00,1.661060e+00,2.950797e-01,1.343671e+00,8.305532e-02,1.136348e-01,-6.169706e-01,-7.250703e-01,2.310618e+00,-1.163873e-01
7.621779e-01,-4.236717e+00,1.686455e+00,7.056763e-01,1.737570e+00,2.460174e-01,2.729468e-01,-7.860934e-01,-7.114939e-01,2.494134e+00,1.193604e-01
8.691905e-01,-4.224685e+00,1.420622e+00,6.806539e-01,1.434496e+00,-1.853894e-01,7.593459e-02,-6.029267e-01,-9.884328e-01,2.175883e+00,-3.843453e-01
2.828451e-01,-4.629649e+00,1.135800e+00,7.094766e-01,1.483676e+00,-2.861824e-01,8.018932e-02,-5.946629e-01,-8.543208e-01,2.625813e+00,1.008638e-01
2.152667e-01,-4.569009e+00,1.367880e+00,9.677614e-01,1.959678e+00,1.272169e-01,3.466561e-01,-6.957376e-01,-9.792566e-01,2.466947e+00,-4.507735e-02
4.847462e-01,-4.483461e+00,1.341209e+00,6.635597e-01,1.468780e+00,-2.411315e-01,-2.058034e-01,-7.995310e-01,-1.084971e+00,2.309689e+00,-2.680704e-01
-2.548874e-02,-4.744427e+00,1.424392e+00,1.065312e+00,1.682356e+00,-2.077425e-01,-1.136195e-01,-7.045105e-01,-8.537163e-01,2.462074e+00,-1.781108e-03
-4.396878e-01,-5.106392e+00,1.362390e+00,1.272222e+00,2.190935e+00,8.262672e-02,1.575893e-01,-7.121417e-01,-1.173279e+00,2.295126e+00,-2.980646e-01
4.479190e-02,-4.858485e+00,1.195326e+00,8.664769e-01,1.921535e+00,-6.909555e-02,3.212049e-01,-4.952326e-01,-7.666676e-01,2.568907e+00,-1.905211e-02
-1.997480e-02,-4.896125e+00,1.044256e+00,7.450526e-01,1.738083e+00,-3.534340e-01,1.132272e-01,-6.072940e-01,-8.502271e-01,2.799385e+00,1.198122e-01
-4.225592e-01,-5.329908e+00,1.043603e+00,8.696964e-01,1.955191e+00,-4.758664e-02,3.264911e-01,-3.290624e-01,-6.769662e-01,2.663122e+00,4.180532e-03
-6.055297e-01,-5.518456e+00,1.032971e+00,8.211554e-01,1.863170e+00,-3.425432e-01,2.323628e-02,-6.832260e-01,-9.362814e-01,2.432230e+00,-2.341224e-01
-5.908124e-01,-5.533968e+00,1.052557e+00,8.687659e-01,2.016494e+00,3.796401e-02,2.973635e-01,-5.146893e-01,-7.673214e-01,2.567182e+00,-1.277642e-01
-7.565688e-01,-5.620152e+00,8.360708e-01,5.456560e-01,1.755121e+00,-7.603510e-02,8.107759e-02,-5.688769e-01,-6.480332e-01,2.719984e+00,1.420054e-01
-6.723579e-01,-5.852040e+00,8.201698e-01,5.827054e-01,1.912352e+00,-4.057832e-01,3.031401e-02,-5.852231e-01,-1.025183e+00,2.644316e+00,-1.294198e-01
-9.562622e-01,-5.931054e+00,7.257572e-01,7.566888e-01,2.025622e+00,-3.153672e-01,9.755027e-02,-4.996216e-01,-1.125087e+00,2.477353e+00,-2.400588e-01
-1.113346e+00,-5.940643e+00,1.988927e-01,6.408274e-01,1.693044e+00,-6.794083e-01,-6.187670e-02,-8.338253e-01,-1.395179e+00,2.289729e+00,-2.993761e-01
-8.797130e-01,-5.691187e+00,3.669892e-01,5.314167e-01,1.746988e+00,-6.081101e-01,2.132442e-02,-8.261367e-01,-1.234699e+00,2.475639e+00,-1.301865e-01
-1.099153e+00,-5.911035e+00,2.502312e-01,4.799512e-01,1.702991e+00,-6.697117e-01,-1.053330e-02,-6.976609e-01,-1.248366e+00,2.535186e+00,-1.674468e-01
-1.177853e+00,-6.235792e+00,1.901504e-01,4.216713e-01,1.544254e+00,-7.959258e-01,-3.475620e-01,-7.466738e-01,-1.598910e+00,2.289757e+00,-4.948582e-01
-1.040640e+00,-6.252444e+00,2.427348e-01,5.574855e-01,1.784776e+00,-6.738200e-01,9.821919e-02,-5.767538e-01,-1.300322e+00,2.651753e+00,-2.465313e-01
-1.406464e+00,-6.395810e+00,-8.240983e-02,1.251913e-01,1.514318e+00,-8.594773e-01,-6.543099e-02,-8.191021e-01,-1.369281e+00,2.572734e+00,-3.391882e-01
-1.014114e+00,-5.964281e+00,3.294075e-01,3.743515e-01,1.675793e+00,-6.527012e-01,-1.777699e-01,-7.577369e-01,-1.411356e+00,2.389328e+00,-3.446645e-01
-9.558925e-01,-6.019662e+00,2.564627e-01,5.662885e-01,1.617293e+00,-8.085421e-01,-1.307450e-01,-7.763679e-01,-1.346863e+00,2.453109e+00,-1.357427e-01
-1.010601e+00,-5.974818e+00,3.981060e-01,6.583177e-01,1.842547e+00,-6.416298e-01,-1.041708e-03,-6.830506e-01,-1.355762e+00,2.391145e+00,-3.322791e-01
-1.085618e+00,-5.970296e+00,2.323902e-01,4.554388e-01,1.723145e+00,-7.193094e-01,8.332211e-03,-7.907700e-01,-1.293398e+00,2.497291e+00,-2.285858e-01
-1.083804e+00,-5.911807e+00,1.571176e-01,4.769976e-01,1.604726e+00,-6.378554e-01,-3.116041e-02,-7.087875e-01,-1.234866e+00,2.586949e+00,-9.063493e-02
-9.885913e-01,-5.928112e+00,4.029765e-01,5.829481e-01,1.753631e+00,-6.370996e-01,-1.015246e-01,-6.782897e-01,-1.304581e+00,2.434140e+00,-1.737205e-01
-1.444099e+00,-6.321777e+00,6.344318e-02,4.278206e-01,1.656816e+00,-7.646833e-01,-6.477275e-02,-6.535279e-01,-1.302374e+00,2.535796e+00,-1.644226e-01
-9.607922e-01,-5.954259e+00,2.552015e-01,5.960383e-01,1.760962e+00,-7.709948e-01,5.694850e-02,-8.561613e-01,-1.387393e+00,2.436107e+00,-3.037258e-01
-1.025838e+00,-6.108020e+00,2.223195e-01,1.819122e-01,1.541766e+00,-7.955767e-01,-2.607545e-01,-9.941402e-01,-1.481385e+00,2.376740e+00,-3.067606e-01
-7.803045e-01,-5.715862e+00,5.816239e-01,6.834681e-01,1.896175e+00,-5.814813e-01,-5.395553e-02,-7.651209e-01,-1.385517e+00,2.266792e+00,-3.031141e-01
-1.193825e+00,-6.234141e+00,1.782612e-01,4.320262e-01,1.653524e+00,-9.204951e-01,-1.429535e-01,-8.611901e-01,-1.490899e+00,2.367571e+00,-3.675610e-01
-1.106656e+00,-6.069791e+00,2.440780e-01,5.897837e-01,1.736892e+00,-6.323199e-01,-6.546327e-03,-7.092537e-01,-1.311973e+00,2.380675e+00,-3.053286e-01
-1.082060e+00,-5.978662e+00,2.749768e-01,4.003245e-01,1.720207e+00,-5.209973e-01,-2.692865e-02,-6.700779e-01,-1.313210e+00,2.633563e+00,-2.598027e-01
-1.094707e+00,-5.931295e+00,1.896476e-01,4.740202e-01,1.626641e+00,-7.742829e-01,-1.161963e-01,-8.162907e-01,-1.408877e+00,2.457497e+00,-2.529471e-01
-1.472212e+00,-6.260441e+00,-4.197762e-03,3.704635e-01,1.480512e+00,-8.688793e-01,-2.608908e-01,-8.518891e-01,-1.342042e+00,2.259244e+00,-1.140547e-01
-1.088408e+00,-6.023216e+00,2.589957e-01,5.518770e-01,1.716810e+00,-7.512841e-01,-7.051828e-02,-7.801223e-01,-1.397519e+00,2.352380e+00,-3.359063e-01
-1.003923e+00,-5.888152e+00,1.752459e-01,4.781090e-01,1.633366e+00,-7.503857e-01,-1.017249e-01,-9.260504e-01,-1.553614e+00,2.473979e+00,-4.398423e-01
-1.000927e+00,-6.072251e+00,3.484682e-01,3.614177e-01,1.669083e+00,-6.742493e-01,-2.341281e-01,-7.976829e-01,-1.513491e+00,2.343826e+00,-4.090574e-01
-1.287558e+00,-6.390146e+00,1.717671e-01,4.068501e-01,1.631506e+00,-7.255886e-01,-9.834530e-02,-6.099925e-01,-1.293456e+00,2.560971e+00,-1.133097e-01
-1.413730e+00,-6.192947e+00,9.076283e-02,5.247648e-01,1.672781e+00,-7.332887e-01,1.613609e-02,-6.380900e-01,-1.240333e+00,2.587824e+00,-1.043640e-01
-1.207296e+00,-6.041589e+00,1.405690e-01,4.851278e-01,1.718001e+00,-5.877457e-01,1.569237e-01,-5.711566e-01,-1.092049e+00,2.735068e+00,-3.455775e-02
-1.197659e+00,-6.327431e+00,2.401621e-01,2.876255e-01,1.776745e+00,-5.976743e-01,1.742681e-01,-6.326207e-01,-1.069667e+00,2.628149e+00,-4.985820e-02
-1.196886e+00,-6.383168e+00,3.099979e-01,3.841833e-01,1.804382e+00,-7.029532e-01,5.383427e-02,-5.646986e-01,-1.247586e+00,2.579801e+00,-2.317886e-01
-1.260929e+00,-6.071779e+00,3.010787e-01,6.872138e-01,1.871305e+00,-5.003654e-01,1.235632e-01,-4.187174e-01,-1.125624e+00,2.676107e+00,-1.135217e-02
-1.367044e+00,-6.043869e+00,-5.169050e-02,6.373483e-01,1.607450e+00,-5.658790e-01,1.537134e-01,-5.944882e-01,-1.139255e+00,2.701751e+00,-1.862897e-02
-1.080167e+00,-5.877472e+00,2.678144e-01,5.428769e-01,1.741714e+00,-5.048358e-01,7.707559e-02,-6.399859e-01,-1.222312e+00,2.667514e+00,-1.031754e-01
-1.115157e+00,-6.175290e+00,4.895393e-01,4.856482e-01,2.034337e+00,-5.811313e-01,2.560582e-01,-5.335620e-01,-9.920596e-01,2.573810e+00,2.003903e-02
-1.329402e+00,-6.469812e+00,9.197006e-02,4.007381e-01,1.703494e+00,-8.430550e-01,4.928559e-02,-6.874999e-01,-1.310450e+00,2.547082e+00,-1.778612e-01
-1.155906e+00,-6.130178e+00,2.326580e-01,4.813343e-01,1.780676e+00,-6.786346e-01,1.869239e-01,-6.664198e-01,-1.051026e+00,2.574838e+00,4.150905e-02
-1.064465e+00,-6.060324e+00,3.045413e-01,2.928304e-01,1.695404e+00,-6.423130e-01,-7.253834e-02,-7.403894e-01,-1.324491e+00,2.606975e+00,-1.630432e-01
-1.341794e+00,-6.272286e+00,1.414605e-01,3.970113e-01,1.686974e+00,-6.814723e-01,3.002491e-02,-6.518101e-01,-1.228333e+00,2.549611e+00,-1.469824e-01
-1.518749e+00,-6.560056e+00,9.625360e-02,4.419838e-01,1.710236e+00,-5.605746e-01,3.786836e-02,-4.388229e-01,-1.171249e+00,2.597785e+00,-1.033923e-01
-1.205286e+00,-6.358930e+00,1.586891e-01,3.179364e-01,1.694733e+00,-8.528033e-01,4.489977e-02,-7.053633e-01,-1.241669e+00,2.644255e+00,-1.300091e-01
-8.215677e-01,-5.984309e+00,3.507671e-01,3.881380e-01,1.778586e+00,-7.093390e-01,1.190180e-01,-7.269412e-01,-1.290359e+00,2.801645e+00,-1.813181e-01
-1.090259e+00,-5.794469e+00,3.096165e-01,6.745297e-01,1.726273e+00,-4.804028e-01,-7.628920e-02,-7.295122e-01,-1.332361e+00,2.247282e+00,-2.495187e-01
-1.230007e+00,-5.934007e+00,2.738341e-01,7.143045e-01,1.745268e+00,-5.959430e-01,-1.198075e-01,-6.932079e-01,-1.395425e+00,2.281590e+00,-2.963952e-01
-8.483496e-01,-5.936844e+00,3.929330e-01,5.922468e-01,1.811805e+00,-8.211364e-01,1.614636e-02,-7.895087e-01,-1.388248e+00,2.495916e+00,-2.901484e-01
-7.340901e-01,-5.678985e+00,4.297893e-01,6.864552e-01,1.822927e+00,-4.709231e-01,7.470148e-02,-6.250049e-01,-1.283831e+00,2.589315e+00,-2.638424e-01
-1.253736e+00,-6.065903e+00,7.132052e-02,3.009730e-01,1.492463e+00,-7.165387e-01,-1.627897e-01,-7.536895e-01,-1.242201e+00,2.464656e+00,-1.168284e-01
-1.222018e+00,-6.192550e+00,1.872649e-01,4.123935e-01,1.707082e+00,-8.786109e-01,-2.748039e-02,-8.014649e-01,-1.329589e+00,2.389236e+00,-2.798925e-01
-1.176474e+00,-6.107247e+00,2.541623e-01,5.178051e-01,1.711959e+00,-7.378675e-01,-9.247669e-02,-7.159530e-01,-1.327148e+00,2.361358e+00,-2.598588e-01
-1.296364e+00,-6.094316e+00,1.334800e-02,5.020630e-01,1.611445e+00,-5.219775e-01,7.458088e-02,-5.578029e-01,-1.156146e+00,2.588884e+00,-1.173875e-01
-1.126053e+00,-6.030364e+00,1.177651e-01,2.836274e-01,1.585703e+00,-8.196851e-01,-6.920420e-02,-8.518207e-01,-1.318439e+00,2.569865e+00,-1.480476e-01
-9.898952e-01,-5.902489e+00,4.553226e-01,5.425544e-01,1.857478e+00,-7.095324e-01,-9.237471e-03,-7.469567e-01,-1.225081e+00,2.349413e+00,-1.378135e-01
-1.008575e+00,-6.102258e+00,3.258563e-01,5.986354e-01,1.698259e+00,-7.319543e-01,-1.532028e-01,-7.241383e-01,-1.437168e+00,2.422212e+00,-3.080765e-01
-9.174290e-01,-5.861813e+00,3.346976e-01,5.754914e-01,1.786337e+00,-7.298225e-01,5.814775e-02,-8.304764e-01,-1.340494e+00,2.404276e+00,-3.373325e-01
-1.091226e+00,-5.847308e+00,2.174211e-01,4.243420e-01,1.691913e+00,-5.530239e-01,3.353619e-02,-6.487936e-01,-1.144847e+00,2.671496e+00,-4.163759e-02
-9.957088e-01,-5.844111e+00,3.893160e-01,6.533302e-01,1.809225e+00,-6.032273e-01,1.041745e-02,-7.221827e-01,-1.238681e+00,2.393635e+00,-1.208103e-01
-1.390342e+00,-6.223926e+00,1.305962e-01,5.513803e-01,1.668833e+00,-5.952350e-01,-7.354593e-02,-5.222070e-01,-1.248739e+00,2.604155e+00,-6.579445e-02
-7.850644e-01,-5.995711e+00,5.051698e-01,5.397440e-01,1.887416e+00,-7.135773e-01,1.649007e-03,-7.171746e-01,-1.390336e+00,2.510766e+00,-3.344769e-01
-8.462640e-01,-5.577328e+00,3.490621e-01,6.036764e-01,1.776127e+00,-6.283635e-01,1.367624e-01,-8.212884e-01,-1.132045e+00,2.565982e+00,-2.585133e-02
-1.311643e+00,-6.128985e+00,1.018885e-02,3.425116e-01,1.489810e+00,-8.142107e-01,-4.610303e-02,-7.984839e-01,-1.132811e+00,2.490107e+00,6.609483e-02
-1.641855e+00,-6.510644e+00,-5.647088e-03,2.602813e-01,1.575597e+00,-8.288121e-01,-1.553522e-01,-6.750684e-01,-1.265803e+00,2.502145e+00,-3.652287e-02
-1.621884e+00,-6.415845e+00,-9.646283e-02,4.284718e-01,1.611470e+00,-6.912771e-01,3.863379e-02,-5.571617e-01,-1.296712e+00,2.654155e+00,-2.405745e-01
-1.178351e+00,-6.381056e+00,6.923076e-02,2.683858e-01,1.583760e+00,-7.412754e-01,1.796220e-02,-7.482969e-01,-1.265690e+00,2.730179e+00,-8.392302e-02
-1.388284e+00,-6.229701e+00,1.055876e-01,3.159562e-01,1.632241e+00,-5.760179e-01,6.674622e-03,-5.588878e-01,-1.132050e+00,2.628576e+00,-4.470633e-02
-1.427862e+00,-6.303409e+00,8.381441e-02,4.483371e-01,1.681588e+00,-7.838428e-01,5.280172e-03,-7.043446e-01,-1.336159e+00,2.424134e+00,-3.101540e-01
-1.256303e+00,-6.250256e+00,1.976237e-01,4.391285e-01,1.612189e+00,-7.708829e-01,-1.645393e-01,-7.679470e-01,-1.388410e+00,2.351854e+00,-2.538480e-01
-1.349273e+00,-6.123218e+00,8.367751e-02,4.992864e-01,1.720962e+00,-4.862534e-01,2.005798e-01,-4.680673e-01,-1.034402e+00,2.798188e+00,-2.236175e-02
-1.407917e+00,-6.184369e+00,3.244485e-02,3.504793e-01,1.684676e+00,-7.092041e-01,1.411570e-01,-7.257142e-01,-1.203136e+00,2.566390e+00,-1.721579e-01
-1.230512e+00,-6.133787e+00,2.872185e-01,6.192573e-01,1.801984e+00,-4.230036e-01,1.225133e-01,-3.046494e-01,-1.038184e+00,2.775157e+00,3.215576e-02
-1.532385e+00,-6.377628e+00,2.385627e-02,4.913337e-01,1.599344e+00,-6.128464e-01,-9.351183e-02,-5.593479e-01,-1.291427e+00,2.496775e+00,-1.290618e-01
-9.595204e-01,-5.989019e+00,2.786760e-01,5.626909e-01,1.821111e+00,-7.512473e-01,1.713040e-01,-7.464703e-01,-1.318259e+00,2.679953e+00,-2.083261e-01
-1.147262e+00,-6.123380e+00,2.071251e-01,3.441036e-01,1.678762e+00,-6.329959e-01,-1.439674e-03,-6.857784e-01,-1.299397e+00,2.669329e+00,-2.040531e-01
-1.240642e+00,-5.967902e+00,3.047894e-01,7.315724e-01,1.825743e+00,-4.093087e-01,1.172166e-01,-4.754286e-01,-1.049993e+00,2.527386e+00,3.954214e-02
-1.223468e+00,-6.329437e+00,2.492880e-01,5.629269e-01,1.793134e+00,-5.969092e-01,5.252407e-02,-4.205935e-01,-1.341378e+00,2.730663e+00,-3.150043e-01
-1.205013e+00,-5.930351e+00,2.540022e-01,6.603462e-01,1.798077e+00,-4.562669e-01,1.254132e-01,-4.920128e-01,-1.165816e+00,2.641138e+00,-1.059237e-01
-1.211257e+00,-5.901404e+00,1.952715e-01,6.004873e-01,1.782613e+00,-3.291516e-01,1.680506e-01,-5.376045e-01,-1.136174e+00,2.662560e+00,-1.678203e-01
-1.231789e+00,-5.811119e+00,8.017535e-02,6.971839e-01,1.536786e+00,-6.358483e-01,-2.044710e-01,-7.171310e-01,-1.464430e+00,2.462166e+00,-2.446425e-01
-1.253273e+00,-6.139760e+00,2.627436e-01,5.210977e-01,1.678238e+00,-6.657364e-01,-2.587197e-01,-6.639585e-01,-1.553212e+00,2.331522e+00,-5.067575e-01
-1.008298e+00,-5.905868e+00,2.329724e-01,5.774796e-01,1.637266e+00,-7.298837e-01,-1.196517e-01,-7.958448e-01,-1.413979e+00,2.456037e+00,-2.585328e-01
-1.015018e+00,-5.917790e+00,1.402684e-01,4.763908e-01,1.640848e+00,-6.632488e-01,6.147827e-02,-7.871421e-01,-1.262928e+00,2.669516e+00,-1.714318e-01
-1.367093e+00,-6.147139e+00,6.836149e-02,2.934705e-01,1.512575e+00,-8.625092e-01,-3.195007e-01,-9.321497e-01,-1.549676e+00,2.266608e+00,-4.130815e-01
-9.884130e-01,-5.867967e+00,4.582285e-01,7.050397e-01,1.865463e+00,-6.294911e-01,-7.165026e-03,-6.684548e-01,-1.280930e+00,2.462358e+00,-1.633912e-01
-1.354042e+00,-6.310842e+00,1.193474e-01,4.863564e-01,1.687330e+00,-5.970343e-01,3.107123e-03,-5.789193e-01,-1.208700e+00,2.552807e+00,-3.781593e-02
-1.104310e+00,-5.919132e+00,3.488660e-01,6.882663e-01,2.023578e+00,-3.075201e-01,3.124118e-01,-5.290782e-01,-1.226359e+00,2.531239e+00,-4.216978e-01
-1.309815e+00,-6.263580e+00,1.554548e-01,3.175159e-01,1.746442e+00,-5.973745e-01,6.390369e-02,-6.142635e-01,-1.269660e+00,2.621932e+00,-3.023918e-01
-1.185696e+00,-6.170074e+00,3.108332e-01,5.923940e-01,1.874932e+00,-6.127947e-01,1.042146e-01,-6.678639e-01,-1.235654e+00,2.355237e+00,-2.043809e-01
-1.212918e+00,-6.130003e+00,2.348706e-01,4.805291e-01,1.676458e+00,-7.232094e-01,-1.547063e-01,-6.969287e-01,-1.342463e+00,2.416873e+00,-1.652974e-01
-9.527069e-01,-5.728112e+00,2.345160e-01,6.063839e-01,1.700809e+00,-7.060152e-01,3.251429e-02,-8.001923e-01,-1.338668e+00,2.559908e+00,-2.550936e-01
-1.223046e+00,-6.073671e+00,9.796316e-02,4.386364e-01,1.685800e+00,-5.986738e-01,8.135391e-02,-6.851871e-01,-1.250585e+00,2.567222e+00,-2.417133e-01
-1.214009e+00,-5.965928e+00,1.984892e-01,5.054208e-01,1.645958e+00,-7.112230e-01,-7.322304e-02,-7.082684e-01,-1.139654e+00,2.385310e+00,-9.201086e-03
-1.372126e+00,-6.145172e+00,5.065165e-02,5.387615e-01,1.647883e+00,-7.630388e-01,-1.206213e-02,-6.632441e-01,-1.286117e+00,2.520439e+00,-1.752456e-01
-1.171857e+00,-6.142204e+00,1.749041e-01,3.888713e-01,1.654349e+00,-6.535447e-01,-1.772274e-02,-6.080267e-01,-1.232948e+00,2.568177e+00,-1.805092e-01
-8.891215e-01,-5.963607e+00,3.524521e-01,4.734602e-01,1.752040e+00,-5.494521e-01,6.039493e-02,-6.955812e-01,-1.264534e+00,2.556889e+00,-2.302002e-01
-1.428986e+00,-6.205266e+00,3.493852e-02,4.387706e-01,1.619450e+00,-7.501644e-01,-2.327625e-02,-7.102086e-01,-1.335939e+00,2.497544e+00,-2.387090e-01
-1.620030e+00,-6.268235e+00,2.690834e-02,4.717070e-01,1.618418e+00,-7.224964e-01,-8.925785e-02,-6.566003e-01,-1.278871e+00,2.432321e+00,-1.830878e-01
-1.115024e+00,-6.123924e+00,2.100751e-01,4.850327e-01,1.601885e+00,-6.727148e-01,-1.186095e-01,-6.373419e-01,-1.290306e+00,2.570484e+00,-1.143788e-01
-9.097868e-01,-5.879301e+00,2.338105e-01,5.041514e-01,1.723799e+00,-6.322516e-01,1.462522e-01,-7.098787e-01,-1.295419e+00,2.739286e+00,-2.439781e-01
-1.518516e+00,-6.301186e+00,-3.572700e-02,2.956956e-01,1.553869e+00,-7.693745e-01,-5.657672e-02,-6.829433e-01,-1.267087e+00,2.593623e+00,-1.406373e-01
-1.429964e+00,-6.492498e+00,2.432046e-01,5.145807e-01,1.866328e+00,-4.394066e-01,1.276560e-01,-3.067711e-01,-1.162182e+00,2.659195e+00,-2.033899e-01
-1.184921e+00,-6.118222e+00,2.629920e-01,6.207440e-01,1.828767e+00,-5.293322e-01,1.742331e-01,-4.772667e-01,-1.130931e+00,2.661688e+00,-8.750501e-02
-1.322739e+00,-5.993425e+00,-1.301537e-02,3.597409e-01,1.485842e+00,-6.990311e-01,-1.284297e-01,-8.039206e-01,-1.427936e+00,2.517824e+00,-3.729834e-01
-9.798172e-01,-6.014903e+00,4.050098e-01,4.884117e-01,1.818597e+00,-5.426774e-01,1.024178e-01,-5.477248e-01,-1.141148e+00,2.628985e+00,-1.104395e-01
-9.723872e-01,-5.915195e+00,3.411567e-01,6.875636e-01,1.732164e+00,-7.281843e-01,-7.582354e-03,-6.861237e-01,-1.234592e+00,2.519788e+00,-6.051581e-02
-1.512010e+00,-6.321130e+00,1.352935e-01,4.953350e-01,1.794177e+00,-4.954334e-01,1.386204e-01,-3.729590e-01,-1.056609e+00,2.737723e+00,-8.406736e-04
-1.189629e+00,-5.878777e+00,1.442519e-01,5.468461e-01,1.701510e+00,-6.088465e-01,1.089620e-01,-6.941594e-01,-1.221567e+00,2.667960e+00,-1.364293e-01
-1.234733e+00,-5.843944e+00,3.480866e-02,6.382961e-01,1.587208e+00,-6.093517e-01,4.442698e-02,-7.305763e-01,-1.256489e+00,2.542178e+00,-1.391907e-01
-1.244165e+00,-5.906278e+00,3.063647e-01,7.093068e-01,1.808960e+00,-5.130094e-01,6.302888e-02,-5.610562e-01,-1.116055e+00,2.446926e+00,-1.137907e-02
-1.277654e+00,-6.100290e+00,1.222572e-01,4.191096e-01,1.514250e+00,-9.658581e-01,-2.848632e-01,-9.448888e-01,-1.532449e+00,2.238203e+00,-3.711651e-01
-9.504660e-01,-5.921713e+00,2.943223e-01,6.126562e-01,1.762727e+00,-5.231859e-01,1.036210e-01,-5.468601e-01,-1.235976e+00,2.741084e+00,-1.709532e-01
-1.138465e+00,-5.835487e+00,1.408309e-01,5.206307e-01,1.597403e+00,-6.123184e-01,-8.680284e-02,-7.417413e-01,-1.272845e+00,2.483714e+00,-1.326603e-01
-7.254385e-01,-5.574742e+00,5.779334e-01,8.402467e-01,1.872976e+00,-5.759655e-01,-9.369992e-02,-7.457663e-01,-1.493698e+00,2.261879e+00,-4.242234e-01
-1.160435e+00,-5.896515e+00,2.840705e-01,6.662040e-01,1.764846e+00,-7.294985e-01,-3.196166e-02,-7.779078e-01,-1.300051e+00,2.354820e+00,-1.689274e-01
-1.157730e+00,-5.983993e+00,1.605630e-01,4.456313e-01,1.569706e+00,-7.438839e-01,-1.690993e-01,-8.357012e-01,-1.309992e+00,2.322367e+00,-1.521458e-01
-9.233506e-01,-5.712563e+00,2.770519e-01,5.891558e-01,1.704600e+00,-6.380998e-01,-1.352298e-02,-8.390039e-01,-1.419775e+00,2.558563e+00,-3.791208e-01
-1.236364e+00,-5.927797e+00,1.542818e-01,5.810183e-01,1.707951e+00,-6.373235e-01,4.903829e-02,-6.502516e-01,-1.210572e+00,2.513584e+00,-1.385569e-01
-1.109139e+00,-5.911243e+00,2.791442e-01,6.204206e-01,1.638829e+00,-6.920564e-01,-1.938393e-01,-7.298516e-01,-1.295518e+00,2.301792e+00,-9.920673e-02
-1.108513e+00,-5.824753e+00,3.396398e-01,7.883152e-01,1.871158e+00,-4.680576e-01,6.989306e-02,-6.189583e-01,-1.335841e+00,2.425160e+00,-2.812077e-01
-9.413185e-01,-5.828758e+00,3.212502e-01,4.158953e-01,1.762291e+00,-6.809147e-01,4.819050e-02,-8.604589e-01,-1.285441e+00,2.588053e+00,-2.362348e-01
-1.549980e+00,-6.144316e+00,-1.733125e-01,2.819023e-01,1.309141e+00,-8.908990e-01,-3.894825e-01,-9.705702e-01,-1.530539e+00,2.183469e+00,-3.762819e-01
-1.077515e+00,-5.885768e+00,1.622041e-01,5.426040e-01,1.488271e+00,-9.770389e-01,-3.123543e-01,-1.003080e+00,-1.512492e+00,2.201268e+00,-2.710475e-01
-1.319520e+00,-6.056311e+00,2.950549e-01,6.385489e-01,1.920907e+00,-4.112116e-01,2.081648e-01,-4.121794e-01,-1.050015e+00,2.561249e+00,-1.383662e-01
-1.068753e+00,-5.850854e+00,2.036524e-01,4.327092e-01,1.653931e+00,-6.896353e-01,-7.668039e-02,-8.528798e-01,-1.371161e+00,2.510918e+00,-2.732775e-01
-1.070027e+00,-5.974152e+00,1.033264e-01,5.022769e-01,1.505476e+00,-7.491376e-01,-2.189944e-01,-8.715292e-01,-1.539232e+00,2.442523e+00,-3.574806e-01
-1.246612e+00,-5.955673e+00,2.462626e-01,5.727272e-01,1.731714e+00,-7.757993e-01,-8.894795e-02,-8.252198e-01,-1.326158e+00,2.293380e+00,-2.098179e-01
-1.244127e+00,-5.879533e+00,3.024102e-01,6.645699e-01,1.861504e+00,-5.799007e-01,1.356951e-01,-5.925878e-01,-1.053934e+00,2.535524e+00,-4.234639e-04
-1.452080e+00,-6.013759e+00,-7.020739e-02,4.968761e-01,1.507460e+00,-6.315061e-01,2.180465e-03,-7.073104e-01,-1.160216e+00,2.600802e+00,4.151582e-02
-1.155913e+00,-5.845825e+00,2.182966e-01,6.319408e-01,1.775270e+00,-4.763682e-01,1.657019e-01,-5.867661e-01,-1.130503e+00,2.727045e+00,-5.276614e-02
-1.198171e+00,-6.032551e+00,3.599488e-01,6.061866e-01,1.881510e+00,-6.068879e-01,1.466074e-01,-6.175914e-01,-1.124063e+00,2.407891e+00,-1.416039e-01
-1.151526e+00,-6.024731e+00,3.435636e-01,7.792736e-01,1.883269e+00,-4.260017e-01,1.589288e-01,-4.172383e-01,-1.187601e+00,2.600199e+00,-1.226090e-01
-1.151917e+00,-5.949212e+00,2.488424e-01,5.218246e-01,1.727238e+00,-6.021525e-01,6.600596e-02,-6.611302e-01,-1.106518e+00,2.515492e+00,1.138321e-02
-1.256135e+00,-5.763561e+00,1.424116e-01,6.186774e-01,1.738263e+00,-4.505098e-01,1.744077e-01,-5.691922e-01,-1.119847e+00,2.736860e+00,-7.779632e-02
-2.048787e+00,-6.586912e+00,-5.346655e-01,1.291878e-01,1.123484e+00,-9.412924e-01,-3.472245e-01,-7.442026e-01,-1.377253e+00,2.562875e+00,-4.695430e-02
-1.177775e+00,-6.046230e+00,3.374215e-01,6.570353e-01,1.811136e+00,-5.195622e-01,8.010865e-02,-5.243681e-01,-1.091301e+00,2.411372e+00,-6.919632e-02
-1.211695e+00,-6.030411e+00,2.144549e-01,5.611663e-01,1.753538e+00,-5.533597e-01,1.233067e-01,-5.139286e-01,-1.122919e+00,2.691979e+00,-3.481365e-02
-1.192777e+00,-5.793168e+00,6.621306e-02,5.328573e-01,1.605679e+00,-6.803661e-01,5.284769e-02,-7.753761e-01,-1.292275e+00,2.589893e+00,-2.326536e-01
-9.305022e-01,-5.928842e+00,4.420427e-01,7.106804e-01,1.862404e+00,-4.585397e-01,1.004374e-01,-5.297319e-01,-1.174117e+00,2.542467e+00,-1.159361e-01
-1.542420e+00,-6.063812e+00,1.028819e-01,6.479653e-01,1.753121e+00,-5.935079e-01,1.425451e-01,-5.710177e-01,-1.017956e+00,2.473097e+00,3.493036e-02
-1.539480e+00,-6.131641e+00,7.384258e-02,5.726399e-01,1.780371e+00,-5.251121e-01,1.887331e-01,-5.196049e-01,-1.134236e+00,2.546478e+00,-1.754154e-01
-1.107896e+00,-5.853261e+00,1.806125e-01,4.782885e-01,1.630883e+00,-5.375150e-01,-6.371134e-03,-7.352842e-01,-1.259284e+00,2.508368e+00,-1.744943e-01
-1.128093e+00,-6.040245e+00,2.385555e-01,5.306267e-01,1.765412e+00,-6.178775e-01,1.142584e-01,-6.719908e-01,-1.220326e+00,2.528332e+00,-1.704977e-01
-1.481868e+00,-6.190514e+00,1.113805e-01,5.788509e-01,1.748680e+00,-6.566258e-01,1.067585e-01,-5.572084e-01,-1.111676e+00,2.635789e+00,2.682326e-02
-1.108227e+00,-5.797433e+00,4.030160e-01,7.389507e-01,1.883908e+00,-5.266358e-01,7.491000e-02,-6.067501e-01,-1.135031e+00,2.429573e+00,-1.784374e-02
-8.487908e-01,-5.662843e+00,2.955201e-01,6.105099e-01,1.726594e+00,-6.176875e-01,6.657701e-02,-7.996252e-01,-1.267373e+00,2.516922e+00,-2.169575e-01
-1.093473e+00,-5.768565e+00,1.626249e-01,4.888044e-01,1.625209e+00,-7.967059e-01,-1.444236e-02,-8.864179e-01,-1.250425e+00,2.473523e+00,-1.567833e-01
-1.146511e+00,-5.976974e+00,2.841317e-01,4.633797e-01,1.646774e+00,-8.499187e-01,-2.570341e-01,-8.663665e-01,-1.446629e+00,2.248167e+00,-2.850675e-01
-9.736604e-01,-5.946621e+00,2.999973e-01,6.192649e-01,1.626241e+00,-7.834224e-01,-2.398180e-01,-8.719290e-01,-1.533689e+00,2.228796e+00,-3.771224e-01
-1.203835e+00,-5.887615e+00,1.090489e-01,3.614793e-01,1.524602e+00,-7.846265e-01,-1.786256e-01,-8.892623e-01,-1.312493e+00,2.424377e+00,-1.226379e-01
-1.507090e+00,-6.002971e+00,-1.390399e-01,3.089442e-01,1.521093e+00,-7.659120e-01,4.652919e-02,-7.975650e-01,-1.115622e+00,2.530119e+00,-9.920754e-02
-1.105812e+00,-5.805767e+00,3.054584e-01,7.466804e-01,1.807536e+00,-5.845440e-01,8.630100e-02,-6.795996e-01,-1.177780e+00,2.418713e+00,-1.136833e-01
-1.340579e+00,-6.002037e+00,1.896851e-01,6.239348e-01,1.737555e+00,-6.602888e-01,1.132601e-02,-6.678714e-01,-1.139596e+00,2.406957e+00,-2.311481e-02
-1.398534e+00,-5.912164e+00,4.660488e-02,4.861778e-01,1.666062e+00,-6.809279e-01,8.139032e-02,-7.248984e-01,-1.100595e+00,2.453207e+00,-7.703798e-02
-8.978213e-01,-5.656557e+00,2.805287e-01,5.622072e-01,1.673579e+00,-5.940127e-01,-1.376960e-02,-7.767927e-01,-1.323496e+00,2.575243e+00,-2.700483e-01
-1.051471e+00,-5.838321e+00,2.215412e-01,6.215718e-01,1.635628e+00,-6.261092e-01,-3.277960e-02,-6.161178e-01,-1.149041e+00,2.516873e+00,-2.673231e-02
-1.044914e+00,-5.720613e+00,4.971806e-01,8.098671e-01,1.942262e+00,-6.582333e-01,-3.073752e-02,-9.261106e-01,-1.443752e+00,1.970491e+00,-4.291171e-01
-1.372088e+00,-5.990107e+00,-3.841302e-02,4.524154e-01,1.409915e+00,-8.769105e-01,-3.504155e-01,-9.407952e-01,-1.608846e+00,2.247627e+00,-4.161815e-01
-9.282866e-01,-5.635664e+00,2.405531e-01,5.242490e-01,1.571041e+00,-5.936220e-01,-1.141947e-01,-7.800550e-01,-1.226607e+00,2.572123e+00,-9.398892e-03
-9.444028e-01,-5.800093e+00,3.123375e-01,5.733290e-01,1.663078e+00,-6.802904e-01,-1.250094e-01,-7.363489e-01,-1.380368e+00,2.483663e+00,-2.747957e-01
-1.016549e+00,-5.795033e+00,2.981085e-01,7.471384e-01,1.747523e+00,-7.183709e-01,-9.304347e-02,-7.713665e-01,-1.549937e+00,2.316072e+00,-5.377260e-01
-1.621536e+00,-6.558506e+00,8.045345e-02,3.763763e-01,1.791180e+00,-4.312136e-01,2.126107e-01,-2.542902e-01,-8.782542e-01,2.804096e+00,1.826140e-01
-9.537527e-01,-5.711510e+00,2.993305e-01,6.520844e-01,1.658455e+00,-4.975493e-01,-6.338930e-02,-6.631645e-01,-1.346192e+00,2.637482e+00,-1.862590e-01
-1.178659e+00,-6.028753e+00,1.002067e-01,5.556438e-01,1.735252e+00,-5.824173e-01,2.279597e-01,-4.874112e-01,-1.154493e+00,2.874891e+00,-1.219138e-01
-1.282816e+00,-5.947357e+00,2.841595e-01,7.153405e-01,1.848674e+00,-5.835834e-01,8.210323e-02,-6.583514e-01,-1.201732e+00,2.354549e+00,-1.164967e-01
-1.372292e+00,-6.048098e+00,1.320659e-01,6.910268e-01,1.671885e+00,-4.859107e-01,2.499616e-02,-4.669078e-01,-1.114117e+00,2.619498e+00,6.990574e-02
-1.269262e+00,-6.231755e+00,1.314206e-01,2.528987e-01,1.603750e+00,-7.196867e-01,-4.542797e-02,-6.949397e-01,-1.264265e+00,2.685712e+00,-1.519355e-01
-1.463224e+00,-6.045970e+00,-4.592195e-02,4.591479e-01,1.557088e+00,-5.704466e-01,-1.687427e-02,-6.396381e-01,-1.274983e+00,2.632584e+00,-2.157914e-01
-1.295848e+00,-6.118961e+00,1.985484e-01,6.506806e-01,1.748357e+00,-5.477128e-01,6.576211e-02,-5.705044e-01,-1.190702e+00,2.486275e+00,-1.010802e-01
-1.349891e+00,-5.864171e+00,2.538890e-01,8.141067e-01,1.857121e+00,-4.898909e-01,1.835312e-01,-5.228930e-01,-1.034439e+00,2.548352e+00,5.514662e-02
-1.243739e+00,-5.856937e+00,2.201338e-01,5.410846e-01,1.664321e+00,-5.699739e-01,-9.119487e-02,-7.106255e-01,-1.282883e+00,2.438313e+00,-1.234654e-01
-1.199788e+00,-5.903546e+00,4.389215e-02,5.743994e-01,1.639065e+00,-5.877582e-01,1.827627e-01,-6.742529e-01,-1.129761e+00,2.722374e+00,-6.907006e-02
-1.160938e+00,-5.776797e+00,3.111261e-01,8.533519e-01,1.974645e+00,-5.171161e-01,4.134464e-01,-5.952185e-01,-9.191558e-01,2.526019e+00,5.190432e-02
-1.298240e+00,-6.299097e+00,3.094044e-01,4.559060e-01,1.831262e+00,-6.832669e-01,2.456864e-02,-5.584325e-01,-1.196433e+00,2.538237e+00,-9.743584e-02
-1.450973e+00,-6.102680e+00,4.068745e-02,5.651288e-01,1.688192e+00,-5.536555e-01,9.949156e-02,-5.970813e-01,-1.200371e+00,2.528115e+00,-1.279626e-01
-1.031167e+00,-5.880011e+00,2.075393e-01,5.013328e-01,1.601053e+00,-5.391963e-01,-1.095916e-02,-6.520097e-01,-1.233232e+00,2.743299e+00,-9.886142e-02
-1.414118e+00,-5.873758e+00,4.903186e-02,6.002860e-01,1.633452e+00,-6.811766e-01,3.524020e-02,-6.897401e-01,-1.126781e+00,2.472868e+00,-2.865269e-02
-1.254260e+00,-6.108097e+00,2.382018e-01,6.243841e-01,1.801645e+00,-5.981302e-01,1.503118e-01,-4.553648e-01,-1.095043e+00,2.719784e+00,-3.686869e-02
-1.333994e+00,-5.901786e+00,1.550583e-01,7.077708e-01,1.744059e+00,-3.472962e-01,1.175451e-01,-4.547260e-01,-1.078762e+00,2.442206e+00,-1.417650e-01
-1.065677e+00,-5.906214e+00,3.030755e-01,4.297370e-01,1.813718e+00,-5.402286e-01,1.172220e-01,-6.874483e-01,-1.159739e+00,2.573728e+00,-1.601818e-01
-1.012408e+00,-5.621436e+00,1.925693e-01,7.063047e-01,1.625889e+00,-7.922903e-01,-8.555050e-02,-8.959564e-01,-1.398015e+00,2.388611e+00,-2.219656e-01
-1.495707e+00,-6.164855e+00,2.407295e-02,5.839819e-01,1.676744e+00,-5.762863e-01,1.206215e-01,-4.503172e-01,-9.456768e-01,2.701376e+00,1.961520e-01
-7.842300e-01,-5.676442e+00,4.642232e-01,6.713424e-01,1.686862e+00,-6.556483e-01,-2.084529e-01,-7.359385e-01,-1.388761e+00,2.343653e+00,-2.273136e-01
-1.224275e+00,-5.686316e+00,2.681611e-02,5.111630e-01,1.520902e+00,-7.109726e-01,-6.363497e-02,-8.162909e-01,-1.233316e+00,2.579221e+00,-3.124620e-02
-8.322693e-01,-5.469303e+00,3.726392e-01,7.745334e-01,1.711096e+00,-5.567298e-01,-5.434698e-02,-7.704065e-01,-1.274734e+00,2.470413e+00,-1.180496e-01
-9.922812e-01,-5.835334e+00,3.977190e-01,6.986810e-01,1.801758e+00,-5.484219e-01,1.651939e-02,-5.701200e-01,-1.165854e+00,2.471631e+00,-7.425856e-02
-1.034667e+00,-5.633042e+00,3.010412e-01,7.978507e-01,1.738048e+00,-6.976027e-01,-5.982565e-02,-7.555450e-01,-1.374020e+00,2.419926e+00,-2.309068e-01
-9.442181e-01,-5.590101e+00,3.818470e-01,6.497451e-01,1.755894e+00,-4.922272e-01,-1.597076e-02,-6.539034e-01,-1.203218e+00,2.513170e+00,-1.027239e-01
-9.514727e-01,-5.577486e+00,2.469390e-01,7.086942e-01,1.641999e+00,-5.282536e-01,-4.196842e-02,-8.138082e-01,-1.296451e+00,2.371789e+00,-2.217838e-01
-1.286473e+00,-6.009024e+00,2.477992e-01,8.263557e-01,1.984985e+00,-3.112658e-01,3.765984e-01,-3.152651e-01,-1.047133e+00,2.683070e+00,-1.830597e-01
-9.744153e-01,-5.685466e+00,4.769181e-01,7.854369e-01,1.867540e+00,-6.197141e-01,-6.142638e-02,-7.528850e-01,-1.353945e+00,2.231897e+00,-2.934222e-01
-1.323144e+00,-6.113568e+00,-1.778456e-02,2.352080e-01,1.409901e+00,-9.231740e-01,-2.216143e-01,-9.389687e-01,-1.262199e+00,2.347325e+00,-6.206845e-02
-1.059537e+00,-5.863680e+00,1.586512e-01,4.687850e-01,1.571632e+00,-5.780683e-01,-1.562330e-01,-7.539854e-01,-1.499393e+00,2.561991e+00,-4.148519e-01
-1.406270e+00,-6.102089e+00,-3.672804e-02,3.740562e-01,1.473097e+00,-9.032660e-01,-2.524533e-01,-8.893778e-01,-1.472229e+00,2.381548e+00,-3.038925e-01
-1.499497e+00,-6.350934e+00,1.118123e-01,4.676559e-01,1.715661e+00,-7.098674e-01,2.634798e-02,-6.500024e-01,-1.194555e+00,2.487147e+00,-9.272102e-02
-1.111503e+00,-6.060661e+00,2.609073e-01,5.060935e-01,1.751161e+00,-6.035150e-01,1.585294e-01,-5.029518e-01,-9.889699e-01,2.740329e+00,1.364678e-01
-1.067723e+00,-5.617939e+00,2.355878e-01,5.000615e-01,1.604254e+00,-5.682666e-01,-5.784651e-02,-6.912548e-01,-1.142729e+00,2.643981e+00,6.053873e-02
-1.097946e+00,-5.755951e+00,1.611165e-01,6.469374e-01,1.635754e+00,-7.026300e-01,4.894222e-02,-7.362238e-01,-1.224248e+00,2.556333e+00,-1.397462e-01
-1.160483e+00,-6.009462e+00,1.100573e-01,5.965593e-01,1.423275e+00,-8.538757e-01,-3.315993e-01,-7.972588e-01,-1.466972e+00,2.446350e+00,-1.747557e-01
-1.569552e+00,-6.047453e+00,-3.119700e-02,4.810600e-01,1.506864e+00,-6.616935e-01,-1.711361e-01,-6.342431e-01,-1.262589e+00,2.460359e+00,-8.862117e-02
-1.392711e+00,-5.780461e+00,-8.131264e-02,4.797550e-01,1.512731e+00,-7.501158e-01,-3.433201e-02,-8.768448e-01,-1.362813e+00,2.499001e+00,-2.375766e-01
-1.351745e+00,-5.829597e+00,5.636994e-02,6.995818e-01,1.635904e+00,-5.017504e-01,7.941577e-02,-6.588017e-01,-1.154824e+00,2.466719e+00,-9.420740e-02
-1.657793e+00,-6.296375e+00,-1.005355e-02,5.531656e-01,1.679970e+00,-5.675096e-01,3.566863e-02,-5.036878e-01,-1.181930e+00,2.520016e+00,-1.476635e-01
-1.364952e+00,-6.028303e+00,2.158884e-01,7.123303e-01,1.900961e+00,-4.449768e-01,2.882446e-01,-3.799192e-01,-9.975595e-01,2.764524e+00,5.747482e-02
-1.396358e+00,-6.053301e+00,4.647099e-02,4.328336e-01,1.563868e+00,-5.198012e-01,-4.559769e-02,-6.229170e-01,-1.226649e+00,2.600309e+00,-1.019780e-01
-1.121092e+00,-5.782497e+00,2.089127e-01,6.807139e-01,1.717854e+00,-4.542942e-01,9.887280e-02,-5.589103e-01,-1.131498e+00,2.653487e+00,-3.678394e-02
-1.213087e+00,-5.953994e+00,1.191836e-01,4.734426e-01,1.518212e+00,-8.575848e-01,-1.132191e-01,-6.578665e-01,-1.154999e+00,2.667289e+00,7.464916e-02
-1.079097e+00,-5.680658e+00,4.163761e-01,8.914832e-01,1.868348e+00,-4.590214e-01,9.028086e-02,-5.062557e-01,-1.143049e+00,2.544010e+00,-7.886935e-02
-1.456625e+00,-5.954899e+00,7.617738e-02,5.967399e-01,1.663830e+00,-3.606129e-01,1.150461e-01,-4.319104e-01,-9.518486e-01,2.689901e+00,1.428838e-01
-1.466471e+00,-6.133831e+00,-1.987418e-01,2.393149e-01,1.341883e+00,-8.581403e-01,-1.532230e-01,-8.652837e-01,-1.389514e+00,2.633488e+00,-2.406567e-01
-7.802297e-01,-5.819713e+00,5.105520e-01,7.342851e-01,1.869393e+00,-6.137994e-01,1.313531e-03,-5.948451e-01,-1.396748e+00,2.658099e+00,-2.929492e-01
-9.597183e-01,-5.597209e+00,4.617633e-01,9.547717e-01,1.807948e+00,-4.771515e-01,-1.464000e-01,-7.307649e-01,-1.442364e+00,2.177006e+00,-3.221337e-01
-8.471524e-01,-5.538626e+00,4.634007e-01,8.374766e-01,1.824776e+00,-4.694975e-01,-1.067717e-02,-6.644100e-01,-1.316799e+00,2.485642e+00,-1.820461e-01
-1.262349e+00,-5.765273e+00,1.939720e-01,5.645775e-01,1.789403e+00,-4.921895e-01,1.188318e-01,-7.147163e-01,-1.151949e+00,2.467928e+00,-1.234962e-01
-8.606140e-01,-5.567575e+00,3.960261e-01,8.562425e-01,1.786879e+00,-5.613222e-01,-1.642071e-02,-7.478250e-01,-1.336952e+00,2.302808e+00,-2.592866e-01
-1.144218e+00,-5.745147e+00,2.119414e-01,8.413034e-01,1.721077e+00,-6.774849e-01,-3.958602e-02,-7.727656e-01,-1.347999e+00,2.371713e+00,-1.462523e-01
-1.103155e+00,-5.738798e+00,3.385996e-01,5.981517e-01,1.699084e+00,-6.936984e-01,-1.972546e-01,-8.509386e-01,-1.414114e+00,2.188565e+00,-3.081450e-01
-1.192366e+00,-5.968701e+00,5.209069e-02,3.013275e-01,1.413757e+00,-7.820135e-01,-3.210524e-01,-8.515573e-01,-1.463663e+00,2.573364e+00,-2.133843e-01
-7.952878e-01,-5.368989e+00,4.409028e-01,9.574648e-01,1.833946e+00,-5.365230e-01,3.808807e-02,-8.383750e-01,-1.320388e+00,2.283909e+00,-1.786956e-01
-1.081238e+00,-5.676649e+00,3.368737e-01,7.530591e-01,1.728576e+00,-7.106565e-01,-1.699609e-01,-8.338201e-01,-1.415194e+00,2.193942e+00,-2.718947e-01
-1.261809e+00,-5.930649e+00,2.831915e-01,6.772554e-01,1.904004e+00,-5.124844e-01,2.065826e-01,-5.377711e-01,-1.112082e+00,2.539474e+00,-1.848775e-01
-7.408493e-01,-5.470538e+00,5.053732e-01,7.857297e-01,1.868155e+00,-3.902037e-01,1.338349e-01,-6.480586e-01,-1.094809e+00,2.552361e+00,-8.339640e-03
-1.390365e+00,-6.035335e+00,-6.446635e-02,2.868705e-01,1.420876e+00,-9.012848e-01,-2.505527e-01,-1.003715e+00,-1.456213e+00,2.217948e+00,-3.766461e-01
-1.171558e+00,-5.633315e+00,2.297059e-01,7.577154e-01,1.745002e+00,-8.108380e-01,1.855465e-02,-9.027663e-01,-1.241792e+00,2.298544e+00,-1.299906e-01
-1.161295e+00,-5.628569e+00,1.989705e-01,8.300213e-01,1.633552e+00,-5.658556e-01,-9.976366e-02,-6.405258e-01,-1.258351e+00,2.484796e+00,-4.082875e-02
-1.162274e+00,-5.675291e+00,1.515377e-01,6.033029e-01,1.535519e+00,-4.791643e-01,-1.822697e-01,-5.562913e-01,-1.229562e+00,2.610278e+00,-7.087848e-02
-1.086864e+00,-5.607276e+00,1.942870e-01,5.476063e-01,1.577332e+00,-7.426194e-01,-1.454474e-01,-9.345290e-01,-1.359733e+00,2.411017e+00,-2.484729e-01
-1.365405e+00,-5.863992e+00,1.023543e-01,7.154052e-01,1.664545e+00,-6.636948e-01,-2.333568e-02,-7.398779e-01,-1.297723e+00,2.399753e+00,-2.014254e-01
-1.277152e+00,-5.851690e+00,1.559393e-01,7.528837e-01,1.594705e+00,-5.311821e-01,-1.364183e-01,-5.876237e-01,-1.252090e+00,2.397432e+00,-4.647140e-02
-1.157550e+00,-5.563788e+00,1.236343e-01,6.741846e-01,1.528582e+00,-6.943960e-01,-1.090240e-01,-7.997093e-01,-1.293561e+00,2.474790e+00,-1.300282e-01
-1.407463e+00,-5.806930e+00,2.616423e-02,4.458499e-01,1.538824e+00,-6.232703e-01,2.114155e-02,-6.873626e-01,-9.835282e-01,2.708288e+00,2.448394e-01
-1.325931e+00,-6.005470e+00,2.124942e-01,6.986791e-01,1.777192e+00,-3.942466e-01,1.687796e-01,-3.922989e-01,-9.132634e-01,2.731551e+00,2.293107e-01
-1.276814e+00,-5.755162e+00,1.571875e-01,8.160270e-01,1.687466e+00,-6.367322e-01,4.682588e-03,-6.678332e-01,-1.285377e+00,2.470501e+00,-1.614984e-01
-1.237916e+00,-5.650805e+00,2.718883e-01,7.978081e-01,1.820971e+00,-3.476784e-01,1.858444e-01,-3.840596e-01,-1.005305e+00,2.726690e+00,3.906554e-02
-1.141868e+00,-5.811331e+00,2.284831e-01,5.350078e-01,1.649605e+00,-4.946033e-01,-3.189418e-02,-6.385655e-01,-1.224314e+00,2.590385e+00,-1.192085e-01
-1.504495e+00,-5.982985e+00,-4.592247e-02,6.599164e-01,1.596574e+00,-6.115068e-01,1.126710e-02,-7.096865e-01,-1.349538e+00,2.408888e+00,-3.215790e-01
-1.119418e+00,-5.866362e+00,4.045995e-01,8.559593e-01,1.936621e+00,-4.403130e-01,1.643866e-01,-4.129735e-01,-1.149827e+00,2.700606e+00,-6.986674e-02
-1.342645e+00,-5.948066e+00,1.571833e-01,5.620183e-01,1.649625e+00,-6.088546e-01,-3.313783e-02,-6.273485e-01,-1.161359e+00,2.497881e+00,-3.352909e-02
-1.063357e+00,-5.777134e+00,1.827574e-01,5.600635e-01,1.585826e+00,-5.586675e-01,-4.047184e-02,-7.254884e-01,-1.258537e+00,2.579859e+00,-5.527955e-02
-1.147234e+00,-5.591277e+00,2.949611e-01,8.171274e-01,1.821014e+00,-4.949299e-01,7.972916e-02,-7.430821e-01,-1.323547e+00,2.255729e+00,-3.494539e-01
-1.741227e+00,-5.940435e+00,-1.469872e-01,7.093029e-01,1.540712e+00,-6.119376e-01,-2.970622e-02,-6.330103e-01,-1.237390e+00,2.377651e+00,-2.241761e-01
-1.045823e+00,-5.867812e+00,2.981659e-01,7.491904e-01,1.775908e+00,-5.765995e-01,6.290127e-02,-5.966735e-01,-1.256754e+00,2.520354e+00,-1.402833e-01
-1.367708e+00,-5.792071e+00,2.799042e-01,7.263080e-01,1.968895e+00,-1.697394e-01,3.678851e-01,-3.909136e-01,-9.380606e-01,2.588785e+00,-5.568694e-02
-1.497289e+00,-6.148414e+00,6.629124e-02,5.955245e-01,1.894124e+00,-2.596041e-01,5.073333e-01,-2.248179e-01,-8.240145e-01,2.856594e+00,-5.917786e-02
-1.124509e+00,-5.646700e+00,1.885341e-01,9.399267e-01,1.734514e+00,-6.594290e-01,1.320286e-02,-8.058657e-01,-1.369717e+00,2.345702e+00,-2.236382e-01
-1.061453e+00,-5.913475e+00,3.605517e-01,5.919141e-01,1.730460e+00,-7.008713e-01,-1.525597e-01,-7.452272e-01,-1.346904e+00,2.370378e+00,-1.705879e-01
-1.144743e+00,-5.566509e+00,2.354882e-01,6.856210e-01,1.728041e+00,-4.702566e-01,4.401707e-02,-6.629538e-01,-1.174696e+00,2.566233e+00,-8.513617e-02
-9.566808e-01,-5.544120e+00,2.784679e-01,6.182106e-01,1.716454e+00,-7.010978e-01,5.913665e-02,-9.100196e-01,-1.181900e+00,2.461963e+00,-5.102566e-02
-1.670545e+00,-5.986770e+00,-3.557413e-01,5.244262e-01,1.259727e+00,-9.247620e-01,-2.604256e-01,-9.480164e-01,-1.352992e+00,2.310505e+00,-8.492819e-02
-1.052738e+00,-5.554829e+00,3.651257e-01,8.396165e-01,1.759251e+00,-6.404665e-01,-5.707506e-02,-7.633593e-01,-1.238745e+00,2.344250e+00,-8.362142e-02
-1.358826e+00,-5.949560e+00,2.494732e-02,4.890917e-01,1.550864e+00,-6.242703e-01,-9.998895e-02,-6.363461e-01,-1.324792e+00,2.554205e+00,-2.774750e-01
-1.063900e+00,-5.585615e+00,2.159982e-01,5.749194e-01,1.616710e+00,-5.100787e-01,-4.389552e-02,-7.191897e-01,-1.074367e+00,2.469085e+00,9.921861e-02
-1.022274e+00,-5.691763e+00,2.885473e-01,7.271028e-01,1.737457e+00,-6.675357e-01,-2.486287e-02,-7.800216e-01,-1.325776e+00,2.398749e+00,-1.768459e-01
-1.309419e+00,-5.465462e+00,1.560223e-01,1.025322e+00,1.717985e+00,-6.286886e-01,-5.921545e-02,-8.573164e-01,-1.362367e+00,2.289296e+00,-1.280350e-01
-1.311924e+00,-5.768696e+00,1.216247e-01,6.351585e-01,1.625163e+00,-5.986405e-01,-1.459476e-01,-8.116464e-01,-1.409202e+00,2.084146e+00,-3.880293e-01
-9.073204e-01,-5.310083e+00,3.246838e-01,7.843761e-01,1.791236e+00,-4.548844e-01,1.557108e-01,-7.602800e-01,-1.122759e+00,2.483317e+00,-4.461359e-02
-8.436206e-01,-5.362922e+00,4.204542e-01,8.288611e-01,1.763226e+00,-6.621853e-01,-6.598825e-02,-8.635367e-01,-1.368473e+00,2.311223e+00,-2.694839e-01
-1.244460e+00,-5.740178e+00,4.595670e-02,5.754206e-01,1.496083e+00,-8.608889e-01,-1.386354e-01,-7.873904e-01,-1.152283e+00,2.398393e+00,5.891344e-02
-1.187336e+00,-5.566094e+00,1.100335e-01,8.552802e-01,1.584032e+00,-5.213608e-01,-3.025943e-02,-6.206398e-01,-1.149846e+00,2.470828e+00,3.694358e-02
-1.331629e+00,-5.770388e+00,1.491402e-01,5.210284e-01,1.708429e+00,-5.270097e-01,7.555774e-02,-7.138214e-01,-1.087289e+00,2.471254e+00,-6.002475e-02
-1.253637e+00,-5.519838e+00,9.365818e-02,7.584572e-01,1.587855e+00,-5.853695e-01,-1.227898e-01,-8.029232e-01,-1.368117e+00,2.320498e+00,-2.116421e-01
-1.452481e+00,-5.887096e+00,-1.671570e-02,7.878713e-01,1.649419e+00,-6.039192e-01,1.690400e-01,-6.384515e-01,-1.053320e+00,2.444749e+00,-3.433607e-02
-1.531527e+00,-5.989226e+00,1.350914e-01,7.646454e-01,1.907732e+00,-4.923633e-01,3.015085e-01,-5.561158e-01,-1.071185e+00,2.470666e+00,-1.546589e-01
-1.485173e+00,-5.817040e+00,1.119431e-01,5.885311e-01,1.763914e+00,-4.399970e-01,1.693534e-01,-6.295642e-01,-1.079327e+00,2.411267e+00,-1.419047e-01
-1.170188e+00,-5.657991e+00,1.438949e-01,8.040273e-01,1.669641e+00,-3.236808e-01,9.087054e-02,-4.926432e-01,-1.246637e+00,2.633746e+00,-2.160786e-01
-1.201994e+00,-5.752789e+00,1.657236e-01,7.416357e-01,1.587556e+00,-6.658693e-01,-9.731806e-02,-7.098697e-01,-1.262202e+00,2.407290e+00,-1.590124e-01
-1.617371e+00,-6.096500e+00,-7.171871e-03,5.761622e-01,1.666545e+00,-7.015011e-01,7.201154e-02,-6.518072e-01,-1.116910e+00,2.487441e+00,-4.396493e-02
-1.441747e+00,-5.931474e+00,-7.574267e-02,4.314785e-01,1.358887e+00,-8.108199e-01,-3.121315e-01,-9.530525e-01,-1.504573e+00,2.320274e+00,-2.901497e-01
-1.025040e+00,-5.778083e+00,3.411765e-01,5.522451e-01,1.698270e+00,-4.917686e-01,-6.160094e-02,-7.025047e-01,-1.241262e+00,2.516349e+00,-5.397675e-02
-1.204071e+00,-5.679088e+00,2.927075e-01,8.180006e-01,1.798966e+00,-5.079048e-01,6.117204e-02,-5.927096e-01,-1.221089e+00,2.503032e+00,-1.947414e-01
-1.439581e+00,-6.010163e+00,-6.478089e-02,4.867512e-01,1.378494e+00,-9.353889e-01,-2.463197e-01,-8.022864e-01,-1.273818e+00,2.590133e+00,9.354197e-02
-1.577207e+00,-5.832599e+00,-7.484243e-02,5.498617e-01,1.485148e+00,-5.967140e-01,-6.296572e-02,-7.780382e-01,-1.070062e+00,2.260943e+00,1.041601e-01
-1.152266e+00,-5.437878e+00,1.546838e-01,6.180794e-01,1.535719e+00,-5.738059e-01,-6.241053e-02,-7.367455e-01,-1.123333e+00,2.668223e+00,9.384261e-02
-1.411953e+00,-5.919299e+00,4.609108e-02,7.446069e-01,1.690187e+00,-5.805443e-01,6.459759e-02,-6.286734e-01,-1.329265e+00,2.604400e+00,-2.215702e-01
-1.150177e+00,-5.675826e+00,3.633832e-01,8.896485e-01,1.821483e+00,-4.392988e-01,6.113828e-02,-5.069617e-01,-1.084498e+00,2.394619e+00,-1.997380e-02
-1.078605e+00,-5.585894e+00,3.908592e-01,8.017374e-01,1.837711e+00,-4.988820e-01,1.273373e-01,-6.466149e-01,-1.011942e+00,2.464148e+00,1.362718e-01
-1.300779e+00,-5.722541e+00,8.053232e-02,4.849380e-01,1.541822e+00,-5.179925e-01,-5.523381e-02,-6.748977e-01,-1.264211e+00,2.589645e+00,-2.315991e-01
-1.163396e+00,-5.488697e+00,2.150099e-01,8.353230e-01,1.699530e+00,-5.290112e-01,-2.731780e-02,-7.116596e-01,-1.233518e+00,2.298741e+00,-1.724969e-01
-1.150600e+00,-5.670848e+00,2.044679e-01,7.773145e-01,1.623581e+00,-7.111975e-01,-1.144911e-01,-7.986373e-01,-1.272512e+00,2.320162e+00,-1.125658e-01
-1.480969e+00,-5.773540e+00,-1.187692e-01,6.001745e-01,1.432185e+00,-8.246468e-01,-1.607041e-01,-8.619571e-01,-1.279806e+00,2.362376e+00,-5.832925e-02
-9.868058e-01,-5.507671e+00,3.633398e-01,6.002620e-01,1.747382e+00,-4.732703e-01,4.056965e-02,-6.139967e-01,-1.001937e+00,2.570825e+00,7.043824e-02
-9.215952e-01,-5.462684e+00,2.213097e-01,8.057436e-01,1.541437e+00,-6.510990e-01,-1.892045e-01,-8.712347e-01,-1.379924e+00,2.430318e+00,-1.077700e-01
-1.805224e+00,-6.082420e+00,-2.860859e-01,6.086296e-01,1.479710e+00,-6.524750e-01,-7.797013e-03,-6.237014e-01,-1.209942e+00,2.492874e+00,-1.348196e-01
-1.239516e+00,-5.741166e+00,2.202883e-01,7.488796e-01,1.855434e+00,-5.667915e-01,2.454678e-01,-5.336932e-01,-9.381649e-01,2.557993e+00,3.603768e-02
-1.480173e+00,-5.822259e+00,-9.882619e-02,4.976065e-01,1.440365e+00,-6.332443e-01,-1.233372e-01,-7.492897e-01,-1.163863e+00,2.483680e+00,4.675143e-02
-1.245348e+00,-5.566216e+00,9.279408e-02,5.851924e-01,1.534152e+00,-6.489850e-01,-1.700488e-01,-9.080876e-01,-1.379480e+00,2.284147e+00,-2.900170e-01
-1.320131e+00,-5.707039e+00,1.785377e-01,7.590189e-01,1.715656e+00,-6.456937e-01,-7.186600e-02,-8.090775e-01,-1.328199e+00,2.183479e+00,-2.806596e-01
-1.518830e+00,-5.930134e+00,-4.464459e-02,7.702387e-01,1.684520e+00,-4.626993e-01,2.276028e-01,-3.023443e-01,-8.837702e-01,2.868303e+00,1.604139e-01
-7.876712e-01,-5.235046e+00,3.698094e-01,7.773660e-01,1.612629e+00,-5.980715e-01,-7.426469e-02,-7.520445e-01,-1.080814e+00,2.428518e+00,6.168147e-02
-9.267655e-01,-5.207605e+00,4.299223e-01,8.704094e-01,1.865513e+00,-3.051099e-01,1.268609e-01,-6.478457e-01,-1.141984e+00,2.416930e+00,-1.956784e-01
-9.347535e-01,-5.450360e+00,3.333087e-01,8.575087e-01,1.732984e+00,-6.219549e-01,-7.930937e-03,-7.728213e-01,-1.308754e+00,2.348836e+00,-2.845552e-01
-1.474687e+00,-5.775350e+00,-7.337371e-02,6.160956e-01,1.383997e+00,-8.890057e-01,-2.798532e-01,-9.875142e-01,-1.259807e+00,2.173356e+00,4.091941e-02
-1.381400e+00,-5.559747e+00,7.272026e-02,7.877147e-01,1.578646e+00,-5.231961e-01,-1.087620e-01,-7.036109e-01,-1.248772e+00,2.435261e+00,-1.003208e-01
-9.960973e-01,-5.421456e+00,3.456989e-01,7.453235e-01,1.798698e+00,-3.691732e-01,1.176621e-01,-6.521686e-01,-1.148568e+00,2.598595e+00,-5.902604e-02
-1.687064e+00,-5.941342e+00,-1.851276e-01,4.917871e-01,1.425478e+00,-7.809654e-01,-1.287901e-01,-9.589565e-01,-1.277952e+00,2.051293e+00,-2.131802e-01
-1.245063e+00,-5.574147e+00,2.265134e-01,9.777950e-01,1.737940e+00,-5.924189e-01,9.150328e-03,-7.125721e-01,-1.255049e+00,2.363597e+00,-1.801128e-01
-8.932225e-01,-5.193170e+00,2.954476e-01,1.041786e+00,1.693864e+00,-6.416107e-01,3.806553e-02,-7.252962e-01,-1.229358e+00,2.553093e+00,-6.179961e-02
-1.114790e+00,-5.743340e+00,1.973868e-01,4.810185e-01,1.486481e+00,-5.105595e-01,-2.507075e-01,-6.695333e-01,-1.361298e+00,2.512616e+00,-2.315082e-01
-1.213485e+00,-5.510971e+00,3.556277e-02,6.425057e-01,1.393975e+00,-7.797544e-01,-2.413169e-01,-9.267687e-01,-1.303094e+00,2.326069e+00,-4.141436e-02
-1.592734e+00,-5.698818e+00,2.752499e-02,8.365654e-01,1.604941e+00,-6.291329e-01,-1.108723e-01,-7.868406e-01,-1.345772e+00,2.281919e+00,-1.944406e-01
-1.178163e+00,-5.446409e+00,2.967252e-01,9.222526e-01,1.828844e+00,-5.280155e-01,1.479567e-01,-6.291660e-01,-9.954302e-01,2.478935e+00,1.663291e-01
-9.278630e-01,-5.396780e+00,3.894487e-01,8.083761e-01,1.692174e+00,-5.002744e-01,-7.563591e-02,-8.494511e-01,-1.257756e+00,2.321470e+00,-6.649602e-02
-1.358322e+00,-5.602514e+00,8.932941e-02,7.048932e-01,1.592959e+00,-4.738449e-01,4.252879e-03,-5.767980e-01,-1.106987e+00,2.569823e+00,4.612802e-02
-1.376146e+00,-5.615285e+00,4.344943e-02,8.075040e-01,1.480549e+00,-6.795604e-01,-2.700416e-01,-7.388944e-01,-1.430835e+00,2.400511e+00,-2.278385e-01
-1.561219e+00,-5.920368e+00,2.012091e-01,1.006464e+00,1.977073e+00,-1.279813e-01,3.505615e-01,-3.058132e-01,-1.000009e+00,2.447029e+00,-1.658319e-01
-1.033164e+00,-5.511478e+00,2.876747e-01,6.809949e-01,1.648241e+00,-6.317458e-01,-2.632900e-02,-8.146220e-01,-1.177747e+00,2.421292e+00,-3.471029e-02
-1.174310e+00,-5.476388e+00,2.578135e-01,7.114611e-01,1.712148e+00,-3.898279e-01,5.259775e-02,-5.609728e-01,-1.035948e+00,2.685505e+00,1.390883e-01
-1.718232e+00,-5.945807e+00,-2.206559e-01,6.671722e-01,1.449398e+00,-7.324913e-01,-1.453166e-01,-8.532508e-01,-1.453249e+00,2.249767e+00,-3.281137e-01
-1.114424e+00,-5.534823e+00,1.582751e-01,8.714049e-01,1.560897e+00,-6.989949e-01,-1.033849e-01,-7.258717e-01,-1.276052e+00,2.466316e+00,-7.917874e-02
-1.089635e+00,-5.467495e+00,3.457078e-01,8.382272e-01,1.834027e+00,-3.501037e-01,1.787198e-01,-4.208290e-01,-9.661832e-01,2.654010e+00,9.804617e-02
-1.195297e+00,-5.424879e+00,1.810374e-01,7.490967e-01,1.673629e+00,-4.648528e-01,-3.586448e-03,-7.674268e-01,-1.250127e+00,2.428884e+00,-1.601027e-01
-9.779209e-01,-5.285739e+00,3.394839e-01,1.099026e+00,1.710843e+00,-3.143486e-01,-5.679292e-02,-5.177780e-01,-1.230340e+00,2.521020e+00,-1.131987e-01
-1.150370e+00,-5.389841e+00,2.048972e-01,1.003676e+00,1.731384e+00,-5.251199e-01,2.421566e-02,-6.575698e-01,-1.216176e+00,2.332231e+00,-1.207613e-01
-1.379506e+00,-5.628043e+00,6.963352e-02,8.095411e-01,1.627562e+00,-5.543926e-01,-7.042273e-02,-7.307919e-01,-1.335935e+00,2.463462e+00,-1.626603e-01
-1.262362e+00,-5.650556e+00,1.893125e-01,6.604954e-01,1.716254e+00,-2.875573e-01,7.693492e-02,-5.931582e-01,-1.033142e+00,2.619074e+00,1.260458e-01
-1.402651e+00,-5.687121e+00,5.794536e-02,7.082813e-01,1.625731e+00,-5.016655e-01,2.493569e-03,-5.515677e-01,-1.107106e+00,2.574655e+00,-4.186942e-02
-1.030957e+00,-5.331635e+00,3.374110e-01,9.839140e-01,1.610979e+00,-6.316020e-01,-3.233073e-01,-7.982433e-01,-1.507793e+00,2.378090e+00,-2.368331e-01
-1.325820e+00,-5.990220e+00,1.021695e-01,7.053075e-01,1.832063e+00,-3.095256e-01,3.977485e-01,-1.753284e-01,-7.967224e-01,2.803806e+00,3.492450e-02
-1.312030e+00,-5.778260e+00,1.886733e-01,5.233123e-01,1.768246e+00,-4.613226e-01,1.088719e-01,-7.327535e-01,-1.100395e+00,2.395254e+00,-7.559180e-02
-1.048207e+00,-5.486019e+00,3.035614e-01,8.112814e-01,1.755674e+00,-4.819014e-01,4.426033e-02,-6.261178e-01,-1.158143e+00,2.644434e+00,2.296181e-02
-1.509297e+00,-5.985451e+00,2.634802e-02,5.500394e-01,1.551317e+00,-8.005956e-01,-2.443373e-01,-9.090708e-01,-1.477859e+00,2.127209e+00,-3.573349e-01
-1.470902e+00,-5.701710e+00,3.013057e-02,8.994668e-01,1.675819e+00,-3.877204e-01,6.700703e-02,-4.568529e-01,-1.055845e+00,2.527936e+00,5.936822e-02
-1.151395e+00,-5.575111e+00,1.193258e-01,5.932975e-01,1.543242e+00,-7.415208e-01,-1.805191e-01,-9.262524e-01,-1.418378e+00,2.408796e+00,-1.876475e-01
-1.053065e+00,-5.163651e+00,4.098001e-01,9.246228e-01,1.862903e+00,-4.038574e-01,6.162330e-02,-7.990309e-01,-1.137268e+00,2.286093e+00,-3.780856e-03
-1.128413e+00,-5.631523e+00,1.324211e-01,8.005036e-01,1.603300e+00,-6.822969e-01,-5.053944e-02,-7.701289e-01,-1.243521e+00,2.331217e+00,-1.262498e-01
-1.378894e+00,-5.896634e+00,4.789745e-02,7.070585e-01,1.613807e+00,-6.439208e-01,-4.405004e-02,-6.333781e-01,-1.249316e+00,2.561477e+00,-8.479463e-02
-9.074327e-01,-5.349142e+00,4.535989e-01,8.316819e-01,1.799037e+00,-5.696282e-01,-9.723418e-02,-8.671397e-01,-1.389501e+00,2.223643e+00,-3.033836e-01
-1.511170e+00,-5.814539e+00,7.369186e-02,6.113450e-01,1.711176e+00,-2.800025e-01,2.312626e-01,-4.139546e-01,-8.332862e-01,2.790463e+00,2.039270e-01
-1.137074e+00,-5.476501e+00,2.346609e-01,8.236682e-01,1.635263e+00,-6.399117e-01,-4.171875e-02,-7.311095e-01,-1.149275e+00,2.461460e+00,5.898804e-02
-1.171102e+00,-5.849046e+00,3.345767e-01,6.811760e-01,1.810800e+00,-6.445348e-01,4.031326e-02,-5.985370e-01,-1.165321e+00,2.498807e+00,-8.377974e-02
-1.167765e+00,-5.657574e+00,1.506505e-01,5.813209e-01,1.494767e+00,-6.360186e-01,-1.218497e-01,-6.065412e-01,-1.107266e+00,2.654697e+00,6.916097e-02
-1.242339e+00,-5.491859e+00,1.032691e-01,7.254393e-01,1.606781e+00,-4.041142e-01,8.921340e-02,-6.473849e-01,-1.031810e+00,2.637060e+00,1.289918e-01
-1.422714e+00,-5.633130e+00,1.743220e-01,7.557244e-01,1.696971e+00,-4.961083e-01,-7.213342e-02,-6.800261e-01,-1.245916e+00,2.325087e+00,-1.074086e-01
-1.679941e+00,-6.224996e+00,1.504473e-02,5.720925e-01,1.727350e+00,-5.445433e-01,1.706538e-01,-3.653341e-01,-9.543649e-01,2.818103e+00,1.447759e-01
-1.370591e+00,-5.613783e+00,1.599417e-01,1.046244e+00,1.754756e+00,-2.452420e-01,8.285517e-02,-4.977386e-01,-1.221424e+00,2.491500e+00,-1.436517e-01
-8.759750e-01,-5.341780e+00,4.578326e-01,6.998350e-01,1.750281e+00,-4.854455e-01,-4.466896e-02,-7.919067e-01,-1.215240e+00,2.350218e+00,-1.132547e-01
-1.268244e+00,-5.536295e+00,7.886106e-02,6.334514e-01,1.563664e+00,-5.719186e-01,9.628605e-02,-5.492066e-01,-9.146310e-01,2.623323e+00,1.729964e-01
-1.220018e+00,-5.574053e+00,2.340550e-01,8.464842e-01,1.674120e+00,-6.036811e-01,2.946070e-02,-6.240342e-01,-9.789628e-01,2.521822e+00,2.388896e-01
-9.767433e-01,-5.390949e+00,3.273947e-01,9.427926e-01,1.723032e+00,-5.396441e-01,1.710998e-02,-6.234095e-01,-1.174079e+00,2.469982e+00,-6.818232e-02
-1.131573e+00,-5.580792e+00,2.654542e-01,7.152572e-01,1.773558e+00,-4.228444e-01,2.039904e-01,-5.416802e-01,-9.448076e-01,2.748879e+00,2.146740e-01
-1.292545e+00,-5.654145e+00,1.870252e-01,8.012345e-01,1.761064e+00,-1.878997e-01,2.511113e-01,-1.989213e-01,-8.173954e-01,2.930279e+00,2.925766e-01
-1.885680e+00,-6.190600e+00,-4.199529e-01,3.793328e-01,1.184996e+00,-9.452169e-01,-2.872955e-01,-7.827165e-01,-1.169956e+00,2.581709e+00,1.866810e-01
-1.314495e+00,-5.714158e+00,3.116069e-01,8.780822e-01,1.859272e+00,-4.748066e-01,8.525292e-02,-6.345418e-01,-1.241732e+00,2.359794e+00,-1.961383e-01
-1.088204e+00,-5.402328e+00,1.128139e-01,6.289969e-01,1.530881e+00,-6.308006e-01,-1.744536e-02,-7.139713e-01,-1.087929e+00,2.559177e+00,6.875552e-03
-7.655467e-01,-5.173514e+00,5.022062e-01,9.178333e-01,1.727353e+00,-3.432530e-01,-1.539668e-01,-7.096623e-01,-1.279352e+00,2.394520e+00,-7.744657e-02
-1.332534e+00,-5.550689e+00,-2.188485e-02,7.676998e-01,1.595690e+00,-7.692917e-01,1.461015e-01,-6.745152e-01,-8.996750e-01,2.620364e+00,2.583245e-01
-1.840629e+00,-5.916375e+00,-2.433483e-01,5.606968e-01,1.399120e+00,-7.212549e-01,-1.597360e-01,-7.141573e-01,-1.176263e+00,2.333800e+00,-9.857190e-02
-9.479268e-01,-5.496095e+00,3.614922e-01,7.483139e-01,1.773246e+00,-5.490868e-01,1.047462e-01,-7.006703e-01,-9.820152e-01,2.461079e+00,9.557272e-02
-1.132865e+00,-5.446573e+00,1.717975e-01,7.147213e-01,1.649454e+00,-5.248282e-01,8.535840e-03,-7.533044e-01,-1.158612e+00,2.542126e+00,1.985813e-03
-1.281054e+00,-5.483296e+00,1.961863e-01,8.257187e-01,1.653940e+00,-6.881185e-01,-1.555529e-01,-9.349549e-01,-1.344614e+00,2.165567e+00,-1.970660e-01
-1.334331e+00,-5.588701e+00,1.477210e-01,8.995897e-01,1.753811e+00,-6.023906e-01,1.047352e-01,-7.207152e-01,-1.069256e+00,2.378305e+00,2.489973e-02
-1.537340e+00,-6.009983e+00,-1.472386e-01,4.421517e-01,1.337579e+00,-8.085133e-01,-2.948377e-01,-8.724763e-01,-1.371057e+00,2.353966e+00,-1.934059e-01
-1.738544e+00,-5.665545e+00,-1.883230e-01,5.429283e-01,1.503149e+00,-4.077443e-01,2.703774e-02,-6.047903e-01,-9.598560e-01,2.645909e+00,2.332603e-01
-1.538679e+00,-5.831640e+00,-2.817742e-03,6.765366e-01,1.713678e+00,-4.098391e-01,1.942099e-01,-4.355437e-01,-9.486697e-01,2.663156e+00,6.228466e-02
-1.118864e+00,-5.667768e+00,2.096295e-02,6.985196e-01,1.389073e+00,-8.159706e-01,-1.566280e-01,-8.004153e-01,-1.162905e+00,2.428351e+00,6.970151e-02
-1.268340e+00,-5.381112e+00,1.132031e-01,8.662449e-01,1.613035e+00,-7.062829e-01,-8.963029e-02,-8.710236e-01,-1.208933e+00,2.355653e+00,5.174828e-02
-1.179789e+00,-5.537940e+00,1.405690e-01,5.637252e-01,1.580369e+00,-5.552043e-01,2.466895e-02,-6.493778e-01,-9.665239e-01,2.704661e+00,1.874157e-01
-8.481965e-01,-5.087642e+00,3.364854e-01,1.021847e+00,1.619355e+00,-5.093106e-01,-9.681569e-02,-7.720099e-01,-1.212189e+00,2.472452e+00,1.093815e-03
-7.946543e-01,-5.077750e+00,4.329292e-01,1.000487e+00,1.705144e+00,-5.597574e-01,-1.064092e-01,-6.777259e-01,-1.170492e+00,2.250115e+00,-3.471963e-04
-1.265569e+00,-5.584570e+00,2.575889e-01,9.319842e-01,1.939411e+00,-3.500226e-01,3.645156e-01,-4.087762e-01,-8.901897e-01,2.519364e+00,1.968254e-03
-8.998293e-01,-5.302515e+00,4.869818e-01,8.522606e-01,1.964332e+00,-3.065806e-01,3.942054e-01,-5.248979e-01,-8.145889e-01,2.498987e+00,8.159777e-02
-1.024525e+00,-5.072896e+00,3.614622e-01,9.698894e-01,1.745253e+00,-3.221405e-01,5.544898e-02,-6.959961e-01,-1.031677e+00,2.268130e+00,1.021163e-01
-1.503738e+00,-5.756129e+00,-1.784769e-01,6.162114e-01,1.439542e+00,-5.917421e-01,9.921955e-02,-3.994808e-01,-9.615345e-01,2.694500e+00,6.886607e-02
-1.154550e+00,-5.159817e+00,2.080912e-01,1.064302e+00,1.612924e+00,-5.673287e-01,-5.715036e-02,-7.228829e-01,-1.197542e+00,2.305363e+00,-7.441403e-02
-1.232403e+00,-5.388537e+00,8.421938e-02,8.202374e-01,1.506869e+00,-5.681474e-01,-1.192953e-01,-8.335242e-01,-1.196100e+00,2.291485e+00,1.785084e-02
-1.402787e+00,-5.410446e+00,2.964441e-02,8.262462e-01,1.591087e+00,-3.414044e-01,6.597531e-02,-5.459933e-01,-1.061924e+00,2.642734e+00,9.010225e-02
-1.405683e+00,-5.730734e+00,1.059887e-01,7.102710e-01,1.638106e+00,-5.102210e-01,9.164655e-02,-3.922200e-01,-8.994148e-01,2.787856e+00,1.863607e-01
-1.237845e+00,-5.656233e+00,2.085371e-01,9.541941e-01,1.725844e+00,-3.980919e-01,2.089682e-02,-4.291404e-01,-1.199790e+00,2.514604e+00,-2.098166e-01
-1.048510e+00,-5.395340e+00,2.390496e-01,9.643006e-01,1.738195e+00,-3.042306e-01,1.917855e-01,-3.862894e-01,-1.039073e+00,2.755823e+00,1.601705e-02
-9.299372e-01,-5.046151e+00,2.374166e-01,7.492402e-01,1.497589e+00,-5.727411e-01,-1.517493e-01,-7.871408e-01,-1.221786e+00,2.514597e+00,-5.320463e-02
-1.273606e+00,-5.402268e+00,2.822098e-01,9.629925e-01,1.819342e+00,-3.387463e-01,1.851587e-01,-4.899268e-01,-8.763740e-01,2.499977e+00,1.941774e-01
-1.139495e+00,-5.373394e+00,1.810221e-01,1.066227e+00,1.597093e+00,-5.606740e-01,-1.103085e-01,-6.747923e-01,-1.328419e+00,2.462057e+00,-1.291645e-01
-1.253874e+00,-5.620794e+00,4.769634e-02,6.308617e-01,1.482219e+00,-7.407939e-01,-1.499041e-01,-7.876665e-01,-1.339689e+00,2.424281e+00,-2.199277e-01
-1.237967e+00,-5.218248e+00,2.354577e-01,8.247937e-01,1.717072e+00,-3.067308e-01,1.546404e-01,-5.721695e-01,-8.763102e-01,2.637716e+00,2.030684e-01
-1.573964e+00,-5.754050e+00,7.110500e-02,9.732315e-01,1.865304e+00,-1.635988e-01,3.676329e-01,-3.833593e-01,-9.107122e-01,2.538404e+00,2.807381e-02
-1.786288e+00,-5.695542e+00,-1.019152e-01,8.833982e-01,1.704547e+00,-4.598470e-01,2.564150e-01,-4.585739e-01,-8.236381e-01,2.569781e+00,1.800929e-01
-1.324706e+00,-5.433653e+00,1.936444e-02,7.626374e-01,1.452421e+00,-5.554678e-01,-8.849008e-02,-4.645786e-01,-9.777918e-01,2.714371e+00,1.973568e-01
-1.160821e+00,-5.237028e+00,1.200401e-01,1.010232e+00,1.721744e+00,-2.403003e-01,2.228986e-01,-4.982168e-01,-9.961370e-01,2.726462e+00,8.660882e-02
-1.293616e+00,-5.549687e+00,1.252207e-01,6.739542e-01,1.601565e+00,-5.271238e-01,-8.085920e-02,-6.163472e-01,-1.133207e+00,2.515267e+00,1.545766e-02
-1.748771e+00,-5.898225e+00,-1.130915e-01,7.525423e-01,1.694764e+00,-5.908970e-01,1.202301e-01,-6.667385e-01,-1.154634e+00,2.376399e+00,-1.212668e-01
-8.585346e-01,-5.223627e+00,4.936436e-01,1.068034e+00,1.869545e+00,-5.254976e-01,8.389680e-02,-7.849833e-01,-1.139002e+00,2.288366e+00,-2.822674e-02
-1.058207e+00,-5.474572e+00,1.878876e-01,7.452634e-01,1.621277e+00,-3.553893e-01,1.027009e-02,-4.559733e-01,-1.113958e+00,2.600012e+00,-1.149742e-01
-1.160709e+00,-5.420035e+00,2.232654e-01,6.347943e-01,1.640738e+00,-6.644497e-01,-7.969932e-02,-8.990584e-01,-1.236674e+00,2.279787e+00,-1.615026e-01
-1.152398e+00,-5.399311e+00,3.319353e-01,1.051998e+00,1.865614e+00,-3.924028e-01,1.213372e-01,-5.818255e-01,-1.134279e+00,2.420552e+00,-6.088189e-02
-1.648838e+00,-5.987901e+00,-1.599491e-01,6.327917e-01,1.511140e+00,-6.806917e-01,-2.105786e-02,-6.724204e-01,-1.060310e+00,2.448308e+00,1.268109e-01
-8.870161e-01,-5.217518e+00,4.085536e-01,9.378818e-01,1.726383e+00,-5.249171e-01,-1.794483e-01,-8.799628e-01,-1.553105e+00,2.192002e+00,-4.675509e-01
-8.481478e-01,-4.944618e+00,3.249719e-01,9.264564e-01,1.640780e+00,-4.855549e-01,-7.508831e-02,-8.236987e-01,-1.307267e+00,2.412152e+00,-2.531073e-01
-1.114980e+00,-5.202670e+00,3.696071e-01,1.055792e+00,1.774431e+00,-4.172865e-01,-5.606367e-02,-7.509152e-01,-1.160265e+00,2.193785e+00,2.464429e-02
-1.322115e+00,-5.611222e+00,-8.964549e-02,6.590685e-01,1.356798e+00,-7.967348e-01,-1.086722e-01,-6.168036e-01,-1.027296e+00,2.636914e+00,1.124802e-01
-7.162103e-01,-4.887962e+00,4.196454e-01,1.022663e+00,1.622680e+00,-6.087676e-01,-1.801301e-01,-8.710525e-01,-1.349307e+00,2.318735e+00,-2.142257e-01
-1.282959e+00,-5.337525e+00,2.145418e-01,7.273663e-01,1.786760e+00,-2.833830e-01,2.110069e-01,-5.226312e-01,-7.893826e-01,2.647147e+00,2.694665e-01
-1.389301e+00,-5.386196e+00,1.035407e-01,9.999278e-01,1.759548e+00,-3.435812e-01,1.834183e-01,-5.591153e-01,-9.895422e-01,2.474560e+00,1.025560e-01
-1.244029e+00,-5.270371e+00,3.904075e-01,1.226817e+00,1.920538e+00,-2.465813e-01,1.427148e-02,-5.606285e-01,-1.315739e+00,2.296571e+00,-2.311258e-01
-1.297922e+00,-5.453051e+00,1.821346e-01,9.728570e-01,1.775866e+00,-4.357505e-01,1.157009e-01,-6.837182e-01,-1.235964e+00,2.314786e+00,-2.934541e-01
-1.061157e+00,-5.344820e+00,1.958837e-01,7.218454e-01,1.592307e+00,-5.229572e-01,8.212775e-02,-7.411818e-01,-9.347165e-01,2.666363e+00,2.710998e-01
-1.185115e+00,-5.380268e+00,1.750249e-01,7.251913e-01,1.617048e+00,-6.371192e-01,-5.175272e-03,-7.802578e-01,-1.120103e+00,2.378082e+00,2.413300e-02
-1.485394e+00,-5.523738e+00,7.496146e-02,7.541958e-01,1.549042e+00,-6.486085e-01,-1.430313e-01,-7.418625e-01,-1.121249e+00,2.247930e+00,8.396047e-02
-1.172779e+00,-5.348332e+00,1.826284e-01,9.619164e-01,1.638042e+00,-5.198861e-01,5.870366e-02,-6.370189e-01,-1.064363e+00,2.457664e+00,3.416396e-02
-8.644921e-01,-5.081835e+00,2.519783e-01,7.615815e-01,1.466699e+00,-6.183232e-01,-1.634730e-01,-8.594527e-01,-1.190687e+00,2.407124e+00,3.256403e-02
-9.036529e-01,-5.115820e+00,4.340779e-01,8.646601e-01,1.749492e+00,-5.549272e-01,4.040398e-02,-7.388300e-01,-1.020904e+00,2.419857e+00,1.251242e-01
-1.301336e+00,-5.502300e+00,9.075031e-03,8.248574e-01,1.381677e+00,-6.908997e-01,-2.326774e-01,-7.263706e-01,-1.221399e+00,2.517568e+00,1.231680e-01
-8.032537e-01,-5.255760e+00,2.562548e-01,8.549750e-01,1.451982e+00,-6.911284e-01,-2.100422e-01,-6.416313e-01,-1.259825e+00,2.492192e+00,-1.197770e-01
-1.149069e+00,-5.322672e+00,1.643386e-01,8.116206e-01,1.612256e+00,-4.894830e-01,4.077525e-02,-6.699385e-01,-1.123479e+00,2.509937e+00,-9.661068e-02
-9.930659e-01,-5.174836e+00,2.820343e-01,9.579566e-01,1.696458e+00,-4.537975e-01,1.895464e-02,-7.699063e-01,-1.282377e+00,2.428094e+00,-1.257777e-01
-1.403953e+00,-5.463061e+00,9.235739e-02,9.345906e-01,1.606470e+00,-3.330022e-01,5.264819e-02,-4.154367e-01,-8.817530e-01,2.490097e+00,2.137582e-01
-1.168397e+00,-5.436993e+00,2.110926e-01,9.008416e-01,1.685209e+00,-4.883304e-01,1.276874e-01,-3.618828e-01,-8.920515e-01,2.749636e+00,1.556469e-01
-8.814674e-01,-5.169908e+00,2.658368e-01,9.271826e-01,1.614237e+00,-6.449372e-01,4.456241e-02,-7.283420e-01,-1.111103e+00,2.679398e+00,4.072623e-02
-1.517971e+00,-5.567651e+00,-4.175924e-02,6.959890e-01,1.543599e+00,-4.208950e-01,-2.790977e-02,-7.553878e-01,-1.220646e+00,2.217224e+00,-1.844181e-01
-1.360798e+00,-5.629816e+00,1.620671e-01,8.822143e-01,1.720421e+00,-3.431360e-01,9.923612e-02,-4.426170e-01,-1.098850e+00,2.545863e+00,-9.406519e-02
-1.149621e+00,-5.062698e+00,2.852641e-01,1.226534e+00,1.907209e+00,-3.563345e-01,3.517564e-01,-5.339856e-01,-9.135691e-01,2.360291e+00,9.730772e-03
-1.366621e+00,-5.435351e+00,8.176487e-02,1.006896e+00,1.730846e+00,-4.809362e-01,1.074193e-01,-7.790161e-01,-1.174303e+00,2.296115e+00,-1.780876e-01
-1.244256e+00,-5.185512e+00,1.487313e-01,8.084055e-01,1.575103e+00,-3.532983e-01,-7.342485e-02,-7.632225e-01,-1.096770e+00,2.368885e+00,4.573598e-02
-1.591726e+00,-5.607498e+00,-1.694369e-01,6.439859e-01,1.394065e+00,-8.246559e-01,-2.374253e-01,-1.006443e+00,-1.401831e+00,2.227219e+00,-1.752695e-01
-1.118585e+00,-5.194505e+00,2.701859e-01,1.030801e+00,1.641929e+00,-5.172158e-01,-7.305632e-02,-6.097622e-01,-9.855583e-01,2.472170e+00,2.664207e-01
-8.961198e-01,-5.099348e+00,2.949985e-01,1.072550e+00,1.607810e+00,-4.882685e-01,-9.264583e-02,-7.159076e-01,-1.221177e+00,2.362100e+00,-9.058490e-02
-1.290837e+00,-5.255571e+00,1.356445e-01,9.726868e-01,1.841552e+00,-1.613966e-01,3.753709e-01,-3.502483e-01,-8.626902e-01,2.785443e+00,4.606894e-02
-1.292237e+00,-5.296908e+00,1.668308e-01,8.833958e-01,1.725070e+00,-2.367134e-01,1.986191e-01,-3.523412e-01,-8.137948e-01,2.607328e+00,1.520318e-01
-9.923815e-01,-5.094629e+00,2.460979e-01,9.245386e-01,1.425627e+00,-6.511211e-01,-2.996689e-01,-7.882384e-01,-1.134533e+00,2.319264e+00,1.831210e-01
-1.144248e+00,-5.509175e+00,3.510940e-01,9.519329e-01,1.947111e+00,-4.062583e-01,2.090917e-01,-6.589207e-01,-1.168830e+00,2.236241e+00,-2.103024e-01
-1.453691e+00,-5.362604e+00,-9.219583e-02,7.932821e-01,1.543622e+00,-4.990847e-01,6.529449e-02,-6.360048e-01,-9.919962e-01,2.629734e+00,1.455934e-01
-1.363707e+00,-5.516271e+00,-4.265975e-02,5.479944e-01,1.415118e+00,-6.810040e-01,-7.298255e-02,-7.751502e-01,-9.666352e-01,2.541836e+00,1.969652e-01
-1.026060e+00,-5.278551e+00,2.486855e-01,9.455066e-01,1.614914e+00,-5.040530e-01,-1.049809e-01,-6.406221e-01,-1.270428e+00,2.288439e+00,-2.183670e-01
-7.853085e-01,-5.105810e+00,4.455325e-01,9.851098e-01,1.712059e+00,-7.493073e-01,-1.435035e-01,-9.069680e-01,-1.291754e+00,2.307497e+00,-5.100412e-02
-1.268279e+00,-5.406159e+00,1.967843e-01,9.646896e-01,1.778520e+00,-2.560015e-01,1.271859e-01,-5.283276e-01,-1.188362e+00,2.472252e+00,-2.132812e-01
-1.175617e+00,-5.342133e+00,1.449150e-01,7.737361e-01,1.553480e+00,-5.007025e-01,-1.110554e-01,-7.635865e-01,-1.206626e+00,2.373048e+00,-1.505752e-01
-5.450524e-01,-5.171609e+00,4.155689e-01,6.686731e-01,1.451315e+00,-9.005143e-01,-3.539871e-01,-8.095151e-01,-1.294505e+00,2.423658e+00,-1.133580e-01
-1.545182e+00,-5.358392e+00,1.145515e-01,1.074718e+00,1.896337e+00,-1.935659e-01,4.590324e-01,-3.621665e-01,-7.939232e-01,2.271010e+00,-9.386618e-02
-1.264801e+00,-5.275155e+00,1.648023e-01,1.007547e+00,1.648223e+00,-3.142156e-01,9.226833e-02,-5.116313e-01,-9.232223e-01,2.496385e+00,1.553525e-01
-1.141843e+00,-5.339822e+00,-1.641609e-02,4.643730e-01,1.339005e+00,-7.289629e-01,-6.763612e-02,-7.822851e-01,-9.564347e-01,2.522680e+00,2.185843e-01
-1.224600e+00,-5.257970e+00,1.310405e-01,8.196727e-01,1.517653e+00,-5.698366e-01,-1.013080e-01,-7.001022e-01,-1.136698e+00,2.363175e+00,7.301672e-02
-1.176531e+00,-5.277400e+00,6.086859e-02,8.169224e-01,1.321784e+00,-7.092497e-01,-3.056324e-01,-7.121855e-01,-1.206742e+00,2.316428e+00,4.883476e-03
-1.140668e+00,-5.130202e+00,1.862204e-01,1.238260e+00,1.661976e+00,-3.668378e-01,-1.216272e-02,-6.122618e-01,-1.193365e+00,2.628428e+00,1.713057e-01
-1.127515e+00,-5.098848e+00,1.839402e-01,8.866609e-01,1.640855e+00,-4.426381e-01,5.720605e-02,-8.088917e-01,-1.182894e+00,2.450323e+00,-5.460687e-02
-9.803661e-01,-4.953574e+00,4.620838e-01,1.152702e+00,1.863465e+00,-2.962362e-01,1.690433e-01,-6.023396e-01,-9.100131e-01,2.418370e+00,1.896396e-01
-8.672226e-01,-5.061733e+00,3.253819e-01,1.049673e+00,1.449020e+00,-5.183732e-01,-3.131431e-01,-6.125115e-01,-1.271580e+00,2.408683e+00,-7.608638e-02
-1.074166e+00,-5.029222e+00,3.021551e-01,1.021950e+00,1.591329e+00,-5.547146e-01,-1.401701e-01,-7.381679e-01,-1.154548e+00,2.347410e+00,3.347464e-02
-1.041179e+00,-5.072981e+00,1.812988e-01,7.905718e-01,1.500579e+00,-5.441022e-01,-7.922928e-02,-7.934099e-01,-1.072364e+00,2.525703e+00,1.753601e-01
-1.460383e+00,-5.556817e+00,2.417583e-03,7.819197e-01,1.501674e+00,-4.108250e-01,-4.856468e-02,-6.511320e-01,-1.071475e+00,2.379299e+00,3.816180e-03
-1.290127e+00,-5.212361e+00,2.184528e-01,1.067887e+00,1.711195e+00,-4.435595e-01,9.682026e-02,-4.846287e-01,-9.591752e-01,2.574911e+00,7.097007e-02
-1.368068e+00,-5.476439e+00,1.227198e-01,9.378134e-01,1.757163e+00,-4.922701e-01,1.551149e-01,-5.592839e-01,-1.087713e+00,2.376849e+00,-1.249402e-01
-1.105545e+00,-5.141843e+00,3.168631e-01,1.001332e+00,1.750415e+00,-2.909387e-01,1.701907e-01,-5.973041e-01,-8.245823e-01,2.570030e+00,3.566383e-01
-1.252433e+00,-5.271889e+00,5.752598e-02,7.637561e-01,1.467058e+00,-4.643295e-01,1.725712e-02,-5.303692e-01,-8.783768e-01,2.746516e+00,2.755982e-01
-1.093388e+00,-5.101765e+00,3.116973e-01,1.029058e+00,1.686207e+00,-4.633866e-01,-5.503930e-02,-5.795848e-01,-1.121464e+00,2.356149e+00,3.252996e-04
-6.595860e-01,-4.942301e+00,4.303344e-01,9.939762e-01,1.603329e+00,-6.494787e-01,-1.367932e-01,-6.588003e-01,-1.126570e+00,2.472414e+00,8.162533e-02
-1.279083e+00,-5.250063e+00,2.820888e-02,8.963125e-01,1.512065e+00,-6.309320e-01,-9.992769e-02,-9.670269e-01,-1.277314e+00,2.236788e+00,-1.518998e-01
-9.365461e-01,-4.989368e+00,1.822339e-01,7.341917e-01,1.470098e+00,-6.611784e-01,-1.808954e-01,-8.943806e-01,-1.230279e+00,2.339924e+00,-1.071513e-01
-1.240713e+00,-5.275569e+00,3.271206e-02,6.640447e-01,1.336256e+00,-8.800664e-01,-3.022223e-01,-9.604387e-01,-1.227742e+00,2.178374e+00,-7.496803e-02
-1.002956e+00,-5.173922e+00,3.282399e-01,1.136767e+00,1.819634e+00,-3.260422e-01,2.289454e-01,-4.993948e-01,-9.224252e-01,2.331901e+00,2.860922e-02
-7.669488e-01,-4.921395e+00,2.975744e-01,1.035478e+00,1.626718e+00,-5.423735e-01,-6.113921e-02,-7.540956e-01,-1.276605e+00,2.233952e+00,-2.454438e-01
-1.431488e+00,-5.275951e+00,-2.589453e-01,5.798534e-01,1.250238e+00,-7.702057e-01,-1.993522e-01,-9.856166e-01,-1.270367e+00,2.378192e+00,-1.152327e-01
-1.502772e+00,-5.397561e+00,-1.500315e-01,7.610714e-01,1.351698e+00,-6.985833e-01,-2.360525e-01,-8.791957e-01,-1.263030e+00,2.282671e+00,-8.070880e-02
-1.034267e+00,-4.936847e+00,2.421086e-01,1.013075e+00,1.545238e+00,-7.099089e-01,-1.561450e-01,-8.528946e-01,-1.046887e+00,2.221684e+00,2.031304e-01
-9.149913e-01,-5.117055e+00,3.066137e-01,9.704858e-01,1.631472e+00,-5.197958e-01,-1.098978e-01,-6.175874e-01,-1.241869e+00,2.520164e+00,-5.877695e-02
-8.446916e-01,-4.942447e+00,3.684961e-01,9.782899e-01,1.713246e+00,-3.904858e-01,3.938710e-02,-7.544023e-01,-1.059039e+00,2.501298e+00,8.117804e-02
-1.215045e+00,-5.151218e+00,1.306496e-01,8.530386e-01,1.601181e+00,-5.351517e-01,4.238784e-02,-7.570917e-01,-9.192184e-01,2.370749e+00,2.114704e-01
-1.018946e+00,-5.075243e+00,2.265380e-01,9.139319e-01,1.490059e+00,-7.711332e-01,-2.299271e-01,-8.285413e-01,-1.166560e+00,2.366770e+00,1.015981e-01
-1.273368e+00,-5.195834e+00,1.544780e-01,1.007535e+00,1.677420e+00,-4.822617e-01,1.510031e-01,-5.464493e-01,-8.252362e-01,2.548508e+00,1.623826e-01
-8.140247e-01,-4.907797e+00,2.412505e-01,9.187759e-01,1.433914e+00,-4.984078e-01,-1.701293e-01,-7.277296e-01,-1.060806e+00,2.575962e+00,1.428823e-01
-1.107044e+00,-4.855834e+00,1.436012e-01,9.347122e-01,1.543410e+00,-6.973717e-01,-9.008097e-02,-1.069350e+00,-1.245496e+00,2.174168e+00,-1.399001e-01
-1.436661e+00,-5.510667e+00,8.908612e-02,7.633270e-01,1.594337e+00,-5.138974e-01,2.717124e-03,-5.427520e-01,-9.620457e-01,2.452011e+00,1.504640e-01
-1.218398e+00,-5.410306e+00,1.666777e-01,8.595136e-01,1.495200e+00,-7.521799e-01,-2.107878e-01,-8.322524e-01,-1.193244e+00,2.411710e+00,5.767231e-02
-1.029808e+00,-5.032886e+00,1.503805e-01,9.907194e-01,1.555543e+00,-6.709353e-01,-3.298367e-02,-8.675801e-01,-1.165292e+00,2.533681e+00,1.214226e-01
-1.192127e+00,-5.189845e+00,1.073007e-01,7.646111e-01,1.572345e+00,-5.252627e-01,8.645451e-02,-6.807303e-01,-9.235287e-01,2.545812e+00,1.863454e-01
-1.487876e+00,-5.421292e+00,-1.518229e-02,7.618458e-01,1.533484e+00,-5.553240e-01,8.567911e-02,-5.550097e-01,-8.431684e-01,2.468949e+00,2.042760e-01
-1.173792e+00,-5.284098e+00,1.432742e-01,9.927085e-01,1.567905e+00,-5.401326e-01,-7.198234e-03,-6.162421e-01,-1.120099e+00,2.377478e+00,-3.939760e-02
-8.589000e-01,-5.020146e+00,4.131867e-01,8.731793e-01,1.663217e+00,-6.604750e-01,-8.152154e-02,-8.833226e-01,-1.092238e+00,2.318350e+00,1.304590e-01
-8.230943e-01,-4.840756e+00,3.404948e-01,9.390044e-01,1.584986e+00,-5.165304e-01,-5.198910e-02,-7.983579e-01,-1.064542e+00,2.567765e+00,1.981276e-01
-1.090633e+00,-5.199893e+00,2.247236e-01,1.082305e+00,1.598448e+00,-2.343773e-01,3.787828e-02,-2.281687e-01,-8.598175e-01,2.826058e+00,3.607126e-01
-1.115156e+00,-5.064460e+00,2.212332e-01,9.975443e-01,1.550438e+00,-6.130525e-01,-4.720973e-02,-6.340049e-01,-9.322536e-01,2.523906e+00,2.548867e-01
-1.517012e+00,-5.167434e+00,-3.799178e-02,9.396168e-01,1.488238e+00,-6.162380e-01,-3.024581e-02,-7.384045e-01,-9.265991e-01,2.501208e+00,3.048029e-01
-1.142786e+00,-5.132658e+00,1.998624e-01,9.678415e-01,1.770333e+00,-1.649905e-01,3.863682e-01,-4.624314e-01,-7.689634e-01,2.604758e+00,8.358207e-02
-1.263387e+00,-5.133409e+00,1.999466e-02,8.341212e-01,1.357146e+00,-5.902013e-01,-2.323581e-01,-6.638019e-01,-1.053782e+00,2.484794e+00,2.464421e-01
-1.303345e+00,-5.064993e+00,1.780520e-01,1.148090e+00,1.736501e+00,-3.112564e-01,2.074779e-01,-3.929826e-01,-9.022293e-01,2.513792e+00,3.856823e-02
-1.055356e+00,-5.319827e+00,1.773578e-01,7.106875e-01,1.465793e+00,-8.678090e-01,-2.042571e-01,-1.037401e+00,-1.290540e+00,2.060041e+00,-1.785256e-01
-8.711683e-01,-4.882844e+00,3.582330e-01,1.051070e+00,1.655445e+00,-2.823149e-01,-2.546608e-02,-6.445151e-01,-1.168798e+00,2.508165e+00,-9.143283e-03
-1.110751e+00,-5.162739e+00,2.408345e-01,8.381084e-01,1.633114e+00,-4.393128e-01,3.159778e-02,-6.460485e-01,-1.079849e+00,2.377490e+00,-7.688176e-02
-1.390295e+00,-5.147560e+00,3.442022e-02,9.039583e-01,1.503418e+00,-6.192118e-01,-4.464932e-02,-7.602145e-01,-1.053419e+00,2.168530e+00,-1.410548e-01
-7.820569e-01,-4.916030e+00,3.932357e-01,1.075260e+00,1.666373e+00,-5.247397e-01,-3.005699e-02,-6.829312e-01,-9.979840e-01,2.303161e+00,1.479281e-01
-1.820319e+00,-5.483916e+00,-5.331359e-01,4.822920e-01,1.068892e+00,-9.086276e-01,-2.864771e-01,-1.051125e+00,-1.245789e+00,2.387302e+00,1.278106e-03
-1.184399e+00,-5.088252e+00,3.029513e-01,9.923217e-01,1.749101e+00,-2.368583e-01,4.888490e-02,-5.554448e-01,-1.013523e+00,2.544050e+00,7.154249e-02
-1.329404e+00,-5.123584e+00,5.457797e-02,1.048601e+00,1.496960e+00,-3.974064e-01,-5.081584e-02,-4.447657e-01,-8.530264e-01,2.594548e+00,2.894021e-01
-1.111163e+00,-5.224554e+00,3.074694e-01,1.091490e+00,1.679979e+00,-3.787378e-01,-1.532935e-01,-6.192820e-01,-1.342549e+00,2.316392e+00,-1.805765e-01
-1.214654e+00,-5.261876e+00,1.507405e-01,9.412410e-01,1.689373e+00,-2.515599e-01,1.127680e-01,-3.135045e-01,-9.624336e-01,2.785167e+00,1.163286e-01
-1.098314e+00,-5.120942e+00,2.029784e-01,7.406028e-01,1.582463e+00,-4.349108e-01,2.853763e-02,-6.714142e-01,-8.751048e-01,2.441230e+00,2.148499e-01
-1.057449e+00,-5.005131e+00,2.769797e-01,1.128869e+00,1.644242e+00,-4.358500e-01,-1.064011e-01,-7.223536e-01,-1.262134e+00,2.291010e+00,-1.323283e-01
-1.015747e+00,-4.844158e+00,4.309354e-01,1.210239e+00,1.852911e+00,-4.089484e-01,8.695482e-02,-5.990826e-01,-9.834338e-01,2.308500e+00,8.630160e-02
-1.206690e+00,-4.959162e+00,2.711462e-01,1.024349e+00,1.723405e+00,-3.946840e-01,5.575619e-02,-7.446519e-01,-1.003445e+00,2.126940e+00,-2.741921e-02
-6.799730e-01,-4.794303e+00,2.738437e-01,8.054989e-01,1.563348e+00,-6.564719e-01,1.222194e-01,-9.884226e-01,-8.874514e-01,2.398432e+00,1.780188e-01
-1.456334e+00,-5.038613e+00,-9.337997e-02,9.049045e-01,1.458011e+00,-5.629951e-01,6.030754e-03,-6.754088e-01,-8.890423e-01,2.422121e+00,2.126515e-01
-9.794423e-01,-5.012299e+00,2.177423e-01,9.128653e-01,1.570688e+00,-5.102037e-01,1.211417e-01,-4.389093e-01,-7.701555e-01,2.498570e+00,1.052939e-01
-8.160074e-01,-4.789362e+00,3.361420e-01,1.117588e+00,1.586364e+00,-5.289368e-01,-4.883562e-02,-6.706695e-01,-9.883842e-01,2.491083e+00,1.553637e-01
-1.200341e+00,-5.002334e+00,5.197060e-02,7.657358e-01,1.447508e+00,-5.787982e-01,-1.813810e-01,-9.497394e-01,-1.205413e+00,2.220198e+00,7.035584e-04
-1.282225e+00,-5.239676e+00,2.130586e-01,1.038897e+00,1.828063e+00,-2.279268e-01,2.725979e-01,-4.577830e-01,-9.197150e-01,2.495753e+00,6.339104e-02
-1.540167e+00,-5.461903e+00,-1.020196e-01,8.868190e-01,1.459417e+00,-5.745225e-01,-1.867790e-02,-6.045464e-01,-9.770420e-01,2.539283e+00,2.479925e-01
-9.706429e-01,-4.994151e+00,3.660987e-01,1.020552e+00,1.673279e+00,-4.652750e-01,1.010540e-03,-6.487130e-01,-1.025681e+00,2.190278e+00,-3.143058e-02
-1.156982e+00,-5.074165e+00,1.387631e-01,8.436563e-01,1.493853e+00,-4.274502e-01,-6.612178e-02,-6.104254e-01,-1.004910e+00,2.659769e+00,2.268284e-01
-9.438123e-01,-4.770788e+00,2.655317e-01,1.197491e+00,1.597200e+00,-4.339909e-01,-7.858620e-02,-7.670549e-01,-1.231297e+00,2.449531e+00,-1.660744e-02
-1.192542e+00,-4.961295e+00,3.593666e-01,1.296029e+00,1.863839e+00,-2.346283e-01,9.894058e-02,-5.886033e-01,-1.096202e+00,2.153268e+00,-1.018389e-01
-1.392956e+00,-5.352011e+00,-1.152138e-01,7.975453e-01,1.288878e+00,-8.005608e-01,-3.021651e-01,-8.298032e-01,-1.365465e+00,2.337682e+00,-1.365761e-01
-1.385664e+00,-5.277654e+00,-3.271126e-02,5.673700e-01,1.301393e+00,-7.550514e-01,-2.674046e-01,-9.766859e-01,-1.187261e+00,2.218246e+00,5.227806e-02
-1.278926e+00,-4.952201e+00,2.593802e-01,1.052765e+00,1.741094e+00,-2.841322e-01,1.128909e-01,-6.970750e-01,-8.575013e-01,2.417291e+00,2.953308e-01
-1.050771e+00,-4.894996e+00,3.125808e-01,1.087921e+00,1.616052e+00,-5.726237e-01,-1.627604e-01,-8.737027e-01,-1.293129e+00,2.060386e+00,-1.188746e-01
-1.841398e+00,-5.446136e+00,-1.439068e-01,9.922365e-01,1.696917e+00,-3.346563e-01,2.683250e-01,-3.523210e-01,-8.189552e-01,2.614040e+00,2.063612e-01
-1.179784e+00,-4.945517e+00,2.074502e-01,1.170841e+00,1.757281e+00,-3.375864e-01,2.507469e-01,-5.920480e-01,-9.060610e-01,2.407058e+00,1.040401e-03
-6.351130e-01,-4.766616e+00,3.812945e-01,9.592539e-01,1.525430e+00,-6.534703e-01,-1.461401e-01,-9.987422e-01,-1.217486e+00,2.476949e+00,8.987834e-02
-1.623619e+00,-5.065102e+00,-5.145357e-02,1.197688e+00,1.717255e+00,-2.659606e-01,2.878969e-01,-4.488142e-01,-9.163517e-01,2.429797e+00,-5.747980e-02
-1.356744e+00,-5.226486e+00,2.504566e-01,9.994234e-01,1.792444e+00,-4.052495e-01,1.574199e-01,-5.949928e-01,-8.844427e-01,2.157754e+00,1.091970e-01
-1.278096e+00,-5.261725e+00,8.575661e-03,7.151396e-01,1.418749e+00,-6.017962e-01,1.153260e-01,-5.079854e-01,-5.632556e-01,2.729623e+00,5.341023e-01
-1.137456e+00,-5.014178e+00,2.932319e-01,9.412557e-01,1.748055e+00,-3.785354e-01,6.469371e-02,-8.529875e-01,-1.195841e+00,2.317027e+00,-1.081340e-01
-1.102177e+00,-4.974449e+00,2.129475e-01,1.023877e+00,1.560145e+00,-4.944229e-01,-1.028375e-01,-5.889593e-01,-1.019857e+00,2.546397e+00,1.190949e-01
-1.558035e+00,-5.528272e+00,-6.257869e-02,7.480059e-01,1.450652e+00,-6.475910e-01,-6.104353e-02,-7.253949e-01,-8.857508e-01,2.306863e+00,3.039762e-01
-8.716957e-01,-4.912126e+00,1.781881e-01,8.220858e-01,1.471126e+00,-5.517903e-01,3.468899e-03,-5.324203e-01,-8.619198e-01,2.420279e+00,2.052945e-01
-9.928854e-01,-4.842206e+00,1.651627e-01,8.918209e-01,1.471546e+00,-4.675835e-01,-1.395984e-01,-7.737761e-01,-1.155420e+00,2.423992e+00,-4.648550e-03
-1.108995e+00,-5.041508e+00,2.218806e-02,8.756283e-01,1.433412e+00,-6.493129e-01,-7.790816e-02,-7.780459e-01,-1.075296e+00,2.436769e+00,1.292674e-01
-7.949584e-01,-4.549982e+00,4.163488e-01,1.200602e+00,1.594366e+00,-4.560066e-01,-7.835098e-02,-6.529483e-01,-8.788991e-01,2.269487e+00,2.644244e-01
-7.651215e-01,-4.982043e+00,2.907022e-01,7.955134e-01,1.430813e+00,-8.568332e-01,-3.465466e-01,-9.261041e-01,-1.365565e+00,2.236314e+00,-1.613863e-01
-1.290314e+00,-4.961939e+00,-7.139647e-02,9.136529e-01,1.414247e+00,-6.784191e-01,-1.097336e-01,-9.183168e-01,-1.103998e+00,2.518458e+00,2.471876e-01
-7.552634e-01,-4.562045e+00,3.954346e-01,1.308083e+00,1.736070e+00,-1.827716e-01,1.150289e-01,-5.642503e-01,-1.002571e+00,2.387578e+00,-1.102296e-02
-1.152447e+00,-4.914896e+00,3.251179e-01,1.150911e+00,1.643440e+00,-5.935423e-01,-2.113448e-01,-8.798513e-01,-1.143089e+00,2.361465e+00,2.441136e-01
-1.469616e+00,-5.316005e+00,-1.520787e-01,7.678305e-01,1.298469e+00,-6.935599e-01,-1.836816e-01,-5.859571e-01,-1.030540e+00,2.488166e+00,1.047543e-01
-1.258671e+00,-5.320048e+00,-5.970879e-02,6.164146e-01,1.367697e+00,-6.226172e-01,-2.998855e-02,-6.379211e-01,-7.943108e-01,2.624237e+00,4.117175e-01
-1.243596e+00,-5.096182e+00,4.025252e-02,7.442571e-01,1.530777e+00,-5.325854e-01,1.230725e-01,-7.661938e-01,-9.177009e-01,2.424661e+00,-2.097292e-02
-1.712103e+00,-5.403874e+00,-2.258819e-01,6.330103e-01,1.328202e+00,-7.868789e-01,-1.434131e-01,-8.364618e-01,-9.979250e-01,2.284503e+00,1.951116e-01
-8.972410e-01,-5.069229e+00,3.260067e-01,8.829192e-01,1.425247e+00,-6.583369e-01,-3.240821e-01,-7.298472e-01,-1.097688e+00,2.371521e+00,1.296272e-01
-6.541502e-01,-4.840329e+00,2.218255e-01,9.180305e-01,1.401106e+00,-6.689569e-01,-1.234875e-01,-6.903861e-01,-1.023823e+00,2.559220e+00,1.633900e-01
-9.934358e-01,-4.890909e+00,3.012011e-01,8.650782e-01,1.625554e+00,-5.642173e-01,-1.356961e-02,-8.506373e-01,-1.057483e+00,2.432121e+00,7.069729e-02
-6.086762e-01,-4.683074e+00,6.080813e-01,1.226698e+00,1.674247e+00,-3.946913e-01,-2.585835e-01,-6.316602e-01,-1.273831e+00,2.511255e+00,1.252208e-02
-1.499235e+00,-5.244419e+00,1.773136e-01,9.874268e-01,1.592647e+00,-4.342759e-01,-1.168126e-01,-5.909078e-01,-9.644616e-01,2.393269e+00,2.359771e-01
-1.100993e+00,-4.947711e+00,1.700951e-01,8.859099e-01,1.402568e+00,-7.858574e-01,-2.946205e-01,-9.444171e-01,-1.189922e+00,2.227344e+00,1.348640e-01
-9.129652e-01,-4.785137e+00,2.629157e-01,1.113843e+00,1.662931e+00,-3.208820e-01,3.376324e-02,-7.514918e-01,-1.287244e+00,2.322195e+00,-2.805444e-01
-1.052244e+00,-5.025967e+00,-8.460445e-02,7.449840e-01,1.131763e+00,-7.822501e-01,-2.891631e-01,-8.593825e-01,-1.181496e+00,2.333919e+00,-3.961098e-02
-1.300360e+00,-5.140404e+00,-1.570588e-01,7.886910e-01,1.185345e+00,-7.469642e-01,-1.905082e-01,-5.895301e-01,-1.001025e+00,2.607306e+00,9.976046e-02
-1.098197e+00,-5.103210e+00,3.329577e-01,1.015376e+00,1.664117e+00,-3.686178e-01,-4.718045e-02,-4.550848e-01,-1.055360e+00,2.589118e+00,4.101020e-02
-1.081081e+00,-4.933838e+00,5.806068e-02,1.077574e+00,1.448668e+00,-4.233593e-01,-1.365961e-01,-7.844978e-01,-1.376282e+00,2.539496e+00,-1.578220e-01
-1.273446e+00,-4.824896e+00,3.229827e-02,9.073094e-01,1.376052e+00,-6.831816e-01,-1.939103e-01,-1.038843e+00,-1.120374e+00,2.079572e+00,7.772736e-02
-8.721661e-01,-4.849149e+00,2.851773e-01,9.691538e-01,1.425733e+00,-8.174573e-01,-3.190676e-01,-9.259916e-01,-1.271080e+00,2.219765e+00,-2.633402e-02
-1.276277e+00,-4.884226e+00,2.350538e-01,1.324180e+00,1.823905e+00,-1.836507e-01,2.549053e-01,-4.841602e-01,-9.922831e-01,2.290676e+00,-1.429671e-01
-8.868926e-01,-4.778366e+00,3.804099e-01,1.007816e+00,1.699594e+00,-3.104000e-01,1.762229e-01,-5.980429e-01,-8.244874e-01,2.399599e+00,9.122771e-02
-1.154084e+00,-4.947994e+00,9.758655e-02,7.412695e-01,1.350074e+00,-6.919786e-01,-2.105475e-01,-8.389971e-01,-1.012980e+00,2.457423e+00,2.112088e-01
-1.346376e+00,-4.915358e+00,2.628379e-01,1.245191e+00,1.791436e+00,-3.908161e-01,1.303764e-01,-6.794753e-01,-9.773361e-01,2.385786e+00,1.048905e-01
-6.991664e-01,-4.863003e+00,4.931236e-01,1.131660e+00,1.626138e+00,-5.428825e-01,-1.388395e-01,-6.955696e-01,-1.154730e+00,2.320310e+00,-8.245535e-02
-8.977846e-01,-4.745422e+00,3.813477e-01,1.038116e+00,1.622378e+00,-4.884434e-01,-8.527646e-02,-7.789346e-01,-1.077525e+00,2.279477e+00,1.163455e-01
-1.192062e+00,-4.799480e+00,7.760044e-02,9.104779e-01,1.460976e+00,-5.825383e-01,-7.932228e-02,-9.298894e-01,-1.016377e+00,2.411217e+00,2.130845e-01
-1.223054e+00,-5.189738e+00,-1.122000e-03,7.400405e-01,1.304858e+00,-6.427517e-01,-2.659066e-01,-7.711227e-01,-1.138218e+00,2.179789e+00,-3.628430e-02
-9.248152e-01,-4.680171e+00,4.411341e-01,1.205316e+00,1.770695e+00,-4.564192e-01,1.090831e-01,-6.343375e-01,-7.773392e-01,2.301244e+00,2.716312e-01
-1.199229e+00,-4.872110e+00,3.604494e-01,1.200433e+00,1.841296e+00,-2.556855e-01,4.309868e-02,-6.503611e-01,-1.116547e+00,2.310565e+00,2.338609e-02
-8.240582e-01,-4.683679e+00,4.719708e-01,1.101040e+00,1.720822e+00,-2.751810e-01,-9.745000e-02,-6.821282e-01,-1.182061e+00,2.325107e+00,-6.989667e-02
-9.796142e-01,-4.914564e+00,4.462682e-01,1.239287e+00,1.902451e+00,-1.753997e-01,1.295930e-01,-6.437869e-01,-1.191662e+00,2.012337e+00,-3.027070e-01
-1.476707e+00,-5.255403e+00,-1.080133e-01,9.377714e-01,1.453928e+00,-6.208588e-01,-5.266278e-02,-6.331609e-01,-1.087570e+00,2.483302e+00,-6.116296e-03
-9.691867e-01,-4.654000e+00,3.165450e-01,1.131744e+00,1.613098e+00,-5.006433e-01,-1.031890e-01,-6.482832e-01,-9.781654e-01,2.457248e+00,2.422515e-01
-8.783087e-01,-4.777721e+00,3.401825e-01,9.494479e-01,1.497007e+00,-3.277604e-01,-1.897842e-01,-7.311381e-01,-1.057907e+00,2.290818e+00,7.368908e-02
-1.163000e+00,-4.761024e+00,1.265849e-01,1.172517e+00,1.673058e+00,-3.893294e-01,1.556508e-01,-7.161806e-01,-9.934944e-01,2.283281e+00,-2.119381e-02
-1.160108e+00,-4.749311e+00,1.335015e-01,1.102378e+00,1.539757e+00,-6.559760e-01,-1.092332e-01,-8.674723e-01,-1.106439e+00,2.091442e+00,-1.624325e-02
-9.921967e-01,-5.001745e+00,1.681112e-01,9.569654e-01,1.454546e+00,-5.989933e-01,-1.195224e-01,-7.341027e-01,-1.044363e+00,2.259259e+00,7.305044e-02
-8.941707e-01,-4.830768e+00,1.553069e-01,8.573389e-01,1.350343e+00,-5.781666e-01,-2.261443e-01,-8.020119e-01,-1.163186e+00,2.554290e+00,2.916699e-02
-1.379424e+00,-5.154295e+00,-6.952687e-02,7.090170e-01,1.361569e+00,-5.568247e-01,-1.872940e-01,-7.179459e-01,-1.063939e+00,2.453051e+00,1.272255e-01
-9.483716e-01,-4.873661e+00,2.594057e-01,8.857517e-01,1.414520e+00,-7.136249e-01,-3.554269e-01,-9.540299e-01,-1.318533e+00,1.914220e+00,-1.991044e-01
-8.079017e-01,-4.666979e+00,5.084370e-01,1.238920e+00,1.599614e+00,-3.922811e-01,-2.796313e-01,-6.443306e-01,-1.141061e+00,2.308770e+00,4.491166e-02
-1.229891e+00,-4.928019e+00,1.414922e-03,8.272931e-01,1.423869e+00,-6.063291e-01,-8.924609e-02,-8.048060e-01,-1.037279e+00,2.361146e+00,1.397868e-01
-1.001168e+00,-4.748736e+00,1.660087e-01,9.808453e-01,1.441985e+00,-5.819430e-01,-1.102464e-01,-8.539279e-01,-1.045312e+00,2.468654e+00,2.144590e-01
-1.036875e+00,-5.013442e+00,1.543721e-01,1.184241e+00,1.467036e+00,-2.317752e-01,-1.531620e-01,-4.082509e-01,-1.210869e+00,2.486469e+00,2.401931e-02
-8.512698e-01,-4.652227e+00,4.319043e-01,1.141868e+00,1.545841e+00,-5.922950e-01,-2.040773e-01,-6.865049e-01,-1.012487e+00,2.435944e+00,1.752416e-01
-8.698471e-01,-4.991420e+00,4.958278e-01,9.896301e-01,1.922678e+00,-3.325279e-01,3.745523e-01,-4.914911e-01,-6.958083e-01,2.566155e+00,2.428594e-01
-7.778211e-01,-4.600724e+00,4.863926e-01,1.219765e+00,1.770069e+00,-1.910293e-01,1.275560e-01,-5.762896e-01,-8.652246e-01,2.540048e+00,2.801437e-01
-9.152804e-01,-4.908624e+00,5.716228e-01,1.279785e+00,1.956625e+00,-2.343312e-01,2.031036e-02,-5.954043e-01,-1.309874e+00,2.232596e+00,-1.830141e-01
-1.072626e+00,-4.776323e+00,2.721213e-01,1.209307e+00,1.723801e+00,-5.070057e-01,1.382898e-01,-6.494928e-01,-9.313556e-01,2.389302e+00,2.102260e-01
-1.274626e+00,-5.223325e+00,2.069919e-01,9.380231e-01,1.643927e+00,-5.053227e-01,-6.633903e-02,-8.261645e-01,-1.171724e+00,2.220349e+00,-3.716709e-03
-1.062385e+00,-4.957350e+00,2.705955e-01,1.024789e+00,1.724676e+00,-1.834377e-01,1.822589e-01,-4.391990e-01,-8.035539e-01,2.675683e+00,3.047089e-01
-6.584167e-01,-4.733350e+00,3.934622e-01,1.111849e+00,1.607412e+00,-3.424432e-01,4.708465e-02,-4.499154e-01,-1.021873e+00,2.544274e+00,-4.813315e-02
-1.056994e+00,-4.633705e+00,2.161066e-01,1.139002e+00,1.530084e+00,-5.789851e-01,1.840339e-02,-6.561952e-01,-7.803303e-01,2.332861e+00,2.870982e-01
-1.766198e+00,-5.341549e+00,-1.280417e-01,1.036656e+00,1.653020e+00,-1.008556e-01,3.720795e-01,-2.856395e-01,-5.703020e-01,2.511404e+00,3.633905e-01
-1.085454e+00,-4.759588e+00,1.127522e-01,8.059363e-01,1.428037e+00,-5.936540e-01,-4.309468e-02,-8.597191e-01,-1.038941e+00,2.294003e+00,1.913268e-02
-1.002443e+00,-4.759439e+00,4.579902e-01,1.063717e+00,1.675990e+00,-4.566311e-01,-2.013132e-01,-8.244340e-01,-1.174342e+00,2.199074e+00,9.626340e-02
-9.704400e-01,-4.782848e+00,4.790253e-01,1.288255e+00,1.675496e+00,-3.740198e-01,-1.731913e-01,-6.870201e-01,-1.099648e+00,2.243375e+00,1.837928e-01
-1.185116e+00,-4.699747e+00,4.864250e-01,1.527207e+00,1.943393e+00,-1.084365e-01,6.842895e-02,-6.929562e-01,-1.278831e+00,1.921634e+00,-3.028647e-01
-8.948146e-01,-4.600169e+00,6.809743e-02,6.810983e-01,1.194464e+00,-7.686231e-01,-3.104634e-01,-9.143156e-01,-1.113314e+00,2.301208e+00,-4.752954e-02
-8.753378e-01,-4.581692e+00,2.126629e-01,1.025786e+00,1.338958e+00,-7.260379e-01,-4.475611e-01,-1.152094e+00,-1.392406e+00,2.221775e+00,9.721355e-02
-6.848557e-01,-4.766296e+00,4.703078e-01,1.115954e+00,1.701244e+00,-3.822028e-01,1.117100e-01,-4.989170e-01,-8.692675e-01,2.432108e+00,6.303837e-02
-1.348739e+00,-4.905925e+00,1.356229e-01,1.084552e+00,1.557222e+00,-4.302804e-01,-1.034242e-01,-5.932071e-01,-9.756329e-01,2.309917e+00,1.389042e-01
-1.465574e+00,-5.088979e+00,-3.311681e-02,9.180196e-01,1.443138e+00,-3.152562e-01,-7.392548e-02,-5.646172e-01,-1.032022e+00,2.426252e+00,5.257412e-02
-1.108899e+00,-4.624415e+00,8.125453e-02,1.090098e+00,1.455337e+00,-3.467418e-01,3.566718e-04,-7.185692e-01,-9.194521e-01,2.433025e+00,1.403193e-01
-1.773607e+00,-5.248246e+00,-2.418671e-01,9.039422e-01,1.557577e+00,-4.808290e-01,2.321416e-01,-5.883428e-01,-7.461883e-01,2.363212e+00,2.811721e-01
-8.369772e-01,-4.787638e+00,3.017861e-01,1.017183e+00,1.438942e+00,-7.380137e-01,-2.920372e-01,-8.216307e-01,-1.157115e+00,2.360451e+00,1.575594e-01
-9.496186e-01,-4.772044e+00,2.206417e-01,8.694106e-01,1.366081e+00,-6.723220e-01,-3.366902e-01,-8.996998e-01,-1.123577e+00,2.280265e+00,1.842943e-01
-7.411074e-01,-4.783985e+00,2.864641e-01,6.821122e-01,1.354447e+00,-6.591932e-01,-3.794791e-01,-8.103843e-01,-1.161527e+00,2.471275e+00,1.430727e-01
-8.092690e-01,-4.408781e+00,5.432811e-01,1.266584e+00,1.762000e+00,-5.060739e-01,-9.736303e-02,-9.073049e-01,-1.180277e+00,2.137101e+00,-2.686722e-02
-1.218071e+00,-4.848311e+00,2.172905e-01,1.111825e+00,1.554051e+00,-5.515552e-01,-2.139032e-01,-8.717983e-01,-1.170390e+00,2.006841e+00,8.406373e-02
-9.353976e-01,-4.626274e+00,3.016053e-01,1.009383e+00,1.392185e+00,-5.864890e-01,-3.300233e-01,-7.836736e-01,-9.674031e-01,2.286107e+00,2.856979e-01
-1.590362e+00,-4.953831e+00,-6.758519e-02,1.041962e+00,1.632316e+00,-1.026112e-01,3.211967e-01,-3.386171e-01,-5.976388e-01,2.876752e+00,4.338710e-01
-7.939585e-01,-4.464298e+00,3.171664e-01,1.343815e+00,1.636704e+00,-3.410712e-01,5.640974e-02,-6.215511e-01,-9.946821e-01,2.427703e+00,6.540599e-02
-6.269472e-01,-4.482499e+00,6.056766e-01,1.339445e+00,1.632852e+00,-4.752642e-01,-3.645450e-01,-7.927772e-01,-1.207772e+00,2.200186e+00,2.225804e-01
-9.459943e-01,-4.815472e+00,4.310575e-01,1.176030e+00,1.674754e+00,-3.556043e-01,-1.417529e-01,-6.038698e-01,-1.223896e+00,2.267224e+00,-1.888806e-01
-1.180556e+00,-4.798160e+00,3.307127e-02,7.700430e-01,1.411327e+00,-4.896840e-01,1.182317e-01,-6.861124e-01,-6.829133e-01,2.410576e+00,3.295276e-01
-1.137990e+00,-4.857077e+00,7.818280e-02,1.009654e+00,1.518087e+00,-2.625068e-01,1.191847e-01,-4.578774e-01,-8.009796e-01,2.573847e+00,2.507598e-01
-1.164013e+00,-4.838006e+00,2.382014e-01,1.251383e+00,1.674715e+00,-2.945921e-01,7.314183e-02,-5.557381e-01,-1.037154e+00,2.376612e+00,7.080174e-03
-9.388853e-01,-4.715391e+00,1.873066e-01,1.047734e+00,1.472756e+00,-3.920801e-01,4.959353e-02,-3.625179e-01,-8.474636e-01,2.472718e+00,3.492386e-02
-8.404909e-01,-4.530821e+00,5.512731e-01,1.228159e+00,1.687396e+00,-3.299379e-01,-2.071450e-01,-8.328515e-01,-1.177985e+00,2.096411e+00,1.092857e-01
-1.128179e+00,-4.895597e+00,-9.551501e-02,6.805260e-01,1.190675e+00,-7.432654e-01,-1.346216e-01,-8.616178e-01,-9.275890e-01,2.566523e+00,2.685446e-01
-1.046684e+00,-4.672315e+00,2.566133e-01,1.168825e+00,1.541864e+00,-6.205301e-01,-1.256412e-01,-8.258073e-01,-1.023131e+00,2.259005e+00,1.912352e-01
-1.172370e+00,-4.761060e+00,9.262782e-02,1.115648e+00,1.447716e+00,-4.362671e-01,-1.242484e-01,-5.699183e-01,-1.155249e+00,2.240909e+00,-1.365619e-01
1.465606e+00,-2.444308e+00,2.753999e-01,1.889592e-01,3.846039e-01,4.607764e-02,-3.191528e-02,-4.533359e-01,-3.772469e-01,1.092718e+00,3.294281e-01
